-8.033567428588867188e+00	-2.589040184020996094e+01
1.637360382080078125e+01	-4.612741470336914062e+01
3.839117431640625000e+01	-2.552599716186523438e+01
-2.646370506286621094e+01	-3.557603454589843750e+01
1.334997940063476562e+01	1.672161865234375000e+01
4.601336288452148438e+01	-1.145981788635253906e+01
1.891869354248046875e+01	1.860459136962890625e+01
4.291160583496093750e+01	3.836708068847656250e+00
3.391712188720703125e+01	-3.941456222534179688e+01
-1.384741401672363281e+01	-4.711155700683593750e+01
1.686265182495117188e+01	-1.292898941040039062e+01
2.901132965087890625e+01	-1.202041721343994141e+01
-4.174143314361572266e+00	-9.213767051696777344e+00
2.034470939636230469e+01	-2.593294715881347656e+01
-1.395176410675048828e+01	-3.476926040649414062e+01
-2.263261795043945312e+01	-3.141362905502319336e+00
-1.626682662963867188e+01	5.474971294403076172e+00
-1.109683132171630859e+01	-1.699451637268066406e+01
-3.132570648193359375e+01	-2.363081550598144531e+01
-7.370434403419494629e-01	2.005547904968261719e+01
8.651207923889160156e+00	6.901211738586425781e+00
-2.621093368530273438e+01	1.203791427612304688e+01
8.982794880867004395e-01	-4.573856735229492188e+01
1.097982501983642578e+01	-3.451734161376953125e+01
-3.339712905883789062e+01	1.043638348579406738e+00
-1.970398521423339844e+01	-2.566879081726074219e+01
1.000422763824462891e+01	-2.043257713317871094e+01
-4.331340408325195312e+01	-1.361490631103515625e+01
-3.012264823913574219e+01	-1.144960403442382812e+01
2.971164703369140625e+00	-2.721298599243164062e+01
-2.933343172073364258e+00	-3.532091522216796875e+01
-2.082991409301757812e+01	-1.549381446838378906e+01
-8.075756072998046875e+00	-2.841882407665252686e-02
-1.366708850860595703e+01	1.764418601989746094e+01
2.092795133590698242e+00	-1.112236618995666504e+00
-3.531363487243652344e+00	8.881697654724121094e+00
2.461904907226562500e+01	2.594624757766723633e+00
5.865826606750488281e+00	-1.062842464447021484e+01
-7.918109297752380371e-01	-1.816178894042968750e+01
1.341596031188964844e+01	-2.923094987869262695e+00
-1.403807640075683594e+01	-7.644249916076660156e+00
