5.867302703857421875e+01	4.297697067260742188e+01
5.621591949462890625e+01	3.419240951538085938e+01
5.027994155883789062e+01	2.889631080627441406e+01
6.415640258789062500e+01	5.414160919189453125e+01
6.439298248291015625e+01	6.231161499023437500e+01
7.287058258056640625e+01	6.108397674560546875e+01
3.844583892822265625e+01	-4.729461669921875000e+01
3.469034194946289062e+01	-5.418027877807617188e+01
2.676652336120605469e+01	-5.523353958129882812e+01
1.076872024536132812e+02	5.006619262695312500e+01
-8.069834899902343750e+01	-1.392250518798828125e+02
-5.822008895874023438e+01	3.756007003784179688e+01
-7.382875061035156250e+01	-1.429308319091796875e+02
1.138647842407226562e+02	-4.955252456665039062e+01
-7.953738403320312500e+01	-1.499402923583984375e+02
-5.409833526611328125e+01	9.481914520263671875e+01
3.539840131998062134e-02	1.280464324951171875e+02
4.024198532104492188e+01	-9.003367614746093750e+01
-8.958189392089843750e+01	-1.552415466308593750e+02
8.642419433593750000e+01	1.308475375175476074e+00
-1.322155666351318359e+01	-8.226702880859375000e+01
2.307287406921386719e+01	-9.897959136962890625e+01
-6.677729129791259766e+00	-8.467839050292968750e+01
2.624983215332031250e+01	-9.010073852539062500e+01
1.765698623657226562e+01	-9.107519531250000000e+01
4.691350173950195312e+01	-8.506749725341796875e+01
5.197250366210937500e+01	-9.176325225830078125e+01
2.970087623596191406e+01	8.931973266601562500e+01
-3.538940048217773438e+01	-1.210297622680664062e+02
1.339588012695312500e+02	-3.987747573852539062e+01
1.344145965576171875e+02	-3.190796470642089844e+01
1.249988098144531250e+02	-3.689911651611328125e+01
1.205915603637695312e+02	-5.342752456665039062e+01
1.132352752685546875e+02	-6.256067657470703125e+01
1.105977478027343750e+02	-6.946274566650390625e+01
-1.089364013671875000e+02	-1.234079742431640625e+02
-1.046362915039062500e+02	-1.299038085937500000e+02
5.925124359130859375e+01	1.080412139892578125e+02
7.595497131347656250e+01	-4.730162429809570312e+01
7.168112182617187500e+01	-5.274168777465820312e+01
-1.005478057861328125e+02	-1.199868545532226562e+02
6.614212036132812500e+01	1.135209808349609375e+02
-6.233998489379882812e+01	9.540964508056640625e+01
5.101198959350585938e+01	1.218724975585937500e+02
6.208246994018554688e+01	1.204612884521484375e+02
4.126489257812500000e+01	1.242588882446289062e+02
4.460990142822265625e+01	1.317453918457031250e+02
-5.407691001892089844e+00	2.907650566101074219e+01
1.511987447738647461e+00	2.947293090820312500e+01
-5.220803070068359375e+01	2.869895935058593750e+01
-4.718105697631835938e+01	1.550102424621582031e+01
-5.150729370117187500e+01	2.262337684631347656e+01
-5.432743835449218750e+01	1.032078704833984375e+02
8.117713928222656250e+01	7.666989326477050781e+00
-9.235169219970703125e+01	-3.203620910644531250e+01
-6.722291564941406250e+01	8.070130157470703125e+01
8.799845123291015625e+01	1.204089546203613281e+01
-1.469137725830078125e+02	-3.082460975646972656e+01
-6.176710605621337891e+00	-9.606350898742675781e+00
1.116053619384765625e+02	4.055882644653320312e+01
1.095025939941406250e+02	6.853567504882812500e+01
1.146376647949218750e+02	5.302563476562500000e+01
1.023590850830078125e+02	7.309777069091796875e+01
1.067519531250000000e+02	8.042372131347656250e+01
8.517753601074218750e+01	9.735307312011718750e+01
-1.912544631958007812e+01	-2.774987411499023438e+01
1.177934570312500000e+02	1.100973033905029297e+01
1.178671722412109375e+02	2.711051225662231445e+00
6.379976654052734375e+01	-1.153596401214599609e+01
1.134024124145507812e+02	-4.050311565399169922e+00
5.255785369873046875e+01	-8.334921836853027344e+00
5.658740234375000000e+01	-1.557076358795166016e+01
3.056433677673339844e+01	6.205308532714843750e+01
3.876894378662109375e+01	6.164928054809570312e+01
3.365056228637695312e+01	8.219286346435546875e+01
3.868685150146484375e+01	6.985913848876953125e+01
3.164395523071289062e+01	9.735897064208984375e+01
1.259694480895996094e+01	7.706454467773437500e+01
8.489660263061523438e+00	7.113501739501953125e+01
4.651293563842773438e+01	-1.276403961181640625e+02
-1.034441986083984375e+02	3.617982149124145508e+00
-1.001691894531250000e+02	-4.358221530914306641e+00
-6.483623504638671875e+01	-1.226435375213623047e+01
-9.534732055664062500e+01	5.818586349487304688e+00
-7.214405822753906250e+01	-9.320837020874023438e+00
-7.317651367187500000e+01	-1.397447228431701660e+00
1.926083326339721680e+00	-1.058553791046142578e+01
1.490259528160095215e+00	-2.287832260131835938e+00
-2.741841316223144531e+01	-2.707717895507812500e+01
-9.270621490478515625e+01	-7.929534149169921875e+01
-2.776962089538574219e+01	-3.543049621582031250e+01
-6.805403900146484375e+01	-5.493877029418945312e+01
-6.374975967407226562e+01	-6.805817413330078125e+01
-6.091581726074218750e+01	-6.136701583862304688e+01
-7.970829772949218750e+01	-7.399061584472656250e+01
-8.522584533691406250e+01	-8.237792968750000000e+01
-1.036422576904296875e+02	-6.773396301269531250e+01
-1.117671966552734375e+02	-6.624810791015625000e+01
-1.036157608032226562e+02	-4.550490570068359375e+01
-1.108353805541992188e+02	-5.778601074218750000e+01
-5.141693115234375000e+00	1.095812225341796875e+02
-9.770981597900390625e+01	-3.679912567138671875e+01
-2.952929496765136719e+01	1.235346832275390625e+02
-2.730991172790527344e+01	1.305580444335937500e+02
-1.321994590759277344e+01	1.301816864013671875e+02
-6.922626495361328125e+00	1.239760055541992188e+02
-4.750751018524169922e+00	1.009360351562500000e+02
-1.301440334320068359e+01	1.010960006713867188e+02
-1.821744155883789062e+01	8.963666534423828125e+01
-2.574327468872070312e+01	7.813766479492187500e+01
-3.742544174194335938e+01	-1.108041992187500000e+02
-3.007233619689941406e+01	-1.143543319702148438e+02
-1.461584320068359375e+02	-1.490279388427734375e+01
-1.459679412841796875e+02	-2.230117034912109375e+01
8.198404693603515625e+01	8.985616302490234375e+01
9.040178680419921875e+01	8.772263336181640625e+01
