-2.309094047546386719e+01	-1.185563373565673828e+01
3.147154808044433594e+01	-1.686672210693359375e+01
3.406109237670898438e+01	-2.985947227478027344e+01
4.181626141071319580e-01	3.001601409912109375e+01
-2.044927358627319336e+00	-4.222458648681640625e+01
2.864416122436523438e+01	-4.043968963623046875e+01
-3.440863918513059616e-03	-4.834702682495117188e+01
2.154505348205566406e+01	-4.932117843627929688e+01
4.521919250488281250e+01	-2.780926322937011719e+01
3.662684631347656250e+01	-1.241153836250305176e+00
1.034100532531738281e+01	8.481725692749023438e+00
4.256716251373291016e+00	-2.745231056213378906e+01
-1.275241565704345703e+01	2.815697288513183594e+01
2.274988365173339844e+01	2.902345275878906250e+01
3.384673118591308594e+00	1.419031429290771484e+01
-4.992762565612792969e+00	1.051112556457519531e+01
-1.338404083251953125e+01	1.679730987548828125e+01
-1.332733154296875000e+01	7.078647136688232422e+00
1.753314781188964844e+01	1.555305290222167969e+01
-3.781636810302734375e+01	8.407685279846191406e+00
5.952985763549804688e+00	-1.471137619018554688e+01
-3.681039810180664062e+01	-2.803480625152587891e+00
-1.107948780059814453e+01	-2.299586296081542969e+01
-2.032705116271972656e+01	-2.658017539978027344e+01
-2.778694343566894531e+01	2.478601837158203125e+01
3.374968719482421875e+01	1.641061973571777344e+01
1.089905261993408203e+01	-1.255234956741333008e+00
-1.472649192810058594e+01	4.373897933959960938e+01
-5.095730304718017578e+00	-1.101081371307373047e+01
2.032050704956054688e+01	4.022175312042236328e+00
-2.120749855041503906e+01	1.195287227630615234e+00
8.675619125366210938e+00	2.193411636352539062e+01
-6.054697513580322266e+00	5.736235976219177246e-01
1.084449768066406250e+01	4.073173904418945312e+01
-1.339255523681640625e+01	-5.581253051757812500e+00
2.349601984024047852e+00	-4.993290901184082031e+00
1.722087097167968750e+01	-2.465861892700195312e+01
2.058440685272216797e+00	4.554618358612060547e+00
1.770492935180664062e+01	-1.047429370880126953e+01
-2.343817329406738281e+01	1.251922130584716797e+01
-3.807377576828002930e+00	2.037936782836914062e+01
