-8.134817504882812500e+01	1.423688659667968750e+02
1.172176895141601562e+02	-1.066846237182617188e+02
9.225163269042968750e+01	7.221409606933593750e+01
-4.544508743286132812e+01	7.210687160491943359e+00
2.059244728088378906e+01	6.453990173339843750e+01
-6.190957641601562500e+01	-6.935694885253906250e+01
2.105451202392578125e+01	1.775526580810546875e+02
-2.676323127746582031e+01	5.734524917602539062e+01
1.751948699951171875e+02	7.150748443603515625e+01
1.127857589721679688e+02	1.478347320556640625e+02
-3.277570343017578125e+01	-1.285841522216796875e+02
-1.997542619705200195e+00	-1.686002960205078125e+02
-2.254251251220703125e+02	-2.271262969970703125e+02
1.529911499023437500e+02	-1.614267921447753906e+01
-1.840310516357421875e+02	-1.920477142333984375e+02
-1.618783874511718750e+02	-1.705922546386718750e+02
-1.026306915283203125e+02	6.361653518676757812e+01
-1.351935577392578125e+02	-1.050101776123046875e+02
4.376747894287109375e+01	8.907357215881347656e+00
3.215923309326171875e+01	-7.195833587646484375e+01
7.122412681579589844e+00	-1.615208244323730469e+01
-1.302645568847656250e+02	-3.214973831176757812e+01
-8.420930480957031250e+01	-1.076197662353515625e+02
4.789281082153320312e+01	1.062968368530273438e+02
8.700634002685546875e+00	2.719173049926757812e+01
-8.223197937011718750e+01	-1.695218200683593750e+02
7.894755554199218750e+01	-3.209814834594726562e+01
9.068587493896484375e+01	2.097605514526367188e+01
5.158787155151367188e+01	4.570029830932617188e+01
-1.438243293762207031e+01	1.067748718261718750e+02
