1.370584297180175781e+01	2.930150604248046875e+01
2.545159339904785156e+01	2.259761619567871094e+01
-2.048442840576171875e+01	-4.939276885986328125e+01
1.174681854248046875e+01	-5.793951416015625000e+01
-2.889605331420898438e+01	-4.981093978881835938e+01
1.169319152832031250e+01	3.944603729248046875e+01
-2.602291488647460938e+01	-4.133435440063476562e+01
-2.894474792480468750e+01	2.867601394653320312e+01
1.783517241477966309e+00	5.427451705932617188e+01
-1.823718261718750000e+01	-4.280607700347900391e+00
-3.607342529296875000e+01	-3.636174392700195312e+01
1.822005462646484375e+01	1.224675846099853516e+01
-1.560552692413330078e+01	-2.815411567687988281e+01
-2.665490531921386719e+01	-1.645225763320922852e+00
-2.657299041748046875e+01	-1.070354652404785156e+01
3.815689802169799805e+00	3.364700698852539062e+01
-7.272681236267089844e+00	-3.920349884033203125e+01
1.313683891296386719e+01	4.948984909057617188e+01
2.129199600219726562e+01	3.732485961914062500e+01
-2.332286643981933594e+01	4.448570632934570312e+01
-3.678913116455078125e+01	2.384871292114257812e+01
-3.257615280151367188e+01	3.961333847045898438e+01
-3.020263481140136719e+01	5.096951293945312500e+01
-3.102815055847167969e+01	8.346695899963378906e+00
6.918516159057617188e+00	9.823037147521972656e+00
-4.488087296485900879e-01	-5.685956192016601562e+01
3.755507659912109375e+01	-2.716261291503906250e+01
9.769045710563659668e-01	-5.273268508911132812e+01
-2.715961074829101562e+01	1.964410972595214844e+01
1.345020008087158203e+01	1.835669326782226562e+01
-3.766804933547973633e+00	-8.452701568603515625e+00
-1.202796649932861328e+01	-1.584152507781982422e+01
-7.678080558776855469e+00	2.094506835937500000e+01
-1.930356025695800781e+01	8.643288612365722656e+00
-4.678143978118896484e+00	3.734375762939453125e+01
-1.700322341918945312e+01	1.753308868408203125e+01
-1.497282886505126953e+01	4.836995697021484375e+01
1.351308059692382812e+01	7.516792416572570801e-01
-8.947517395019531250e+00	1.120884418487548828e+01
2.649580764770507812e+01	3.858961820602416992e+00
-2.139076471328735352e+00	5.796653747558593750e+00
-9.602694511413574219e+00	2.510692596435546875e+00
-1.136923694610595703e+01	3.055153846740722656e+01
-3.307067871093750000e+00	2.841746902465820312e+01
6.070237159729003906e+00	-2.934664916992187500e+01
4.448122501373291016e+00	-3.645487213134765625e+01
-3.228753507137298584e-01	1.683446311950683594e+01
4.551612854003906250e+00	2.314097404479980469e+01
5.755340099334716797e+00	-1.443852305412292480e+00
1.801827430725097656e+01	-3.158061790466308594e+01
2.084829330444335938e+01	-1.160065937042236328e+01
1.358293724060058594e+01	-1.455941390991210938e+01
2.110780715942382812e+01	-2.255664062500000000e+01
2.610677719116210938e+01	-3.130036544799804688e+01
-2.139042282104492188e+01	3.551888656616210938e+01
1.792007684707641602e+00	-1.359142971038818359e+01
2.565956592559814453e+00	4.436997222900390625e+01
-8.487248420715332031e+00	5.704230880737304688e+01
-1.943799018859863281e+01	5.729610824584960938e+01
-1.892432022094726562e+01	2.650930404663085938e+01
-3.699338436126708984e+00	-2.315838623046875000e+01
1.601826858520507812e+01	-4.457942581176757812e+01
2.346566200256347656e+01	-4.678247070312500000e+01
-6.539113521575927734e+00	4.636565017700195312e+01
-1.324099922180175781e+01	3.952385330200195312e+01
