-5.106108093261718750e+02	-7.125241088867187500e+01
1.592645141601562500e+03	4.849830245971679688e+01
1.902078247070312500e+02	-1.567677688598632812e+01
1.044647064208984375e+02	-8.327637481689453125e+01
9.699015808105468750e+01	-7.333420562744140625e+01
1.083700485229492188e+02	-6.745557403564453125e+01
1.648056182861328125e+02	2.238211250305175781e+01
1.633256988525390625e+02	3.404957962036132812e+01
1.727165832519531250e+02	4.143255233764648438e+01
2.455457878112792969e+01	-1.822057962417602539e+00
-1.584548645019531250e+02	1.277951278686523438e+02
-1.378796081542968750e+02	-7.224747467041015625e+01
-1.702027587890625000e+02	1.266689300537109375e+02
1.411994781494140625e+02	-5.468971252441406250e+01
-1.685811920166015625e+02	1.400483703613281250e+02
-5.228439712524414062e+01	-8.916359710693359375e+01
1.991127967834472656e+01	-9.838391113281250000e+01
5.061051177978515625e+01	1.139533157348632812e+02
-1.590498199462890625e+02	1.541539154052734375e+02
1.510468006134033203e+01	6.501632690429687500e+01
-1.516125183105468750e+02	1.707263946533203125e+01
6.158377456665039062e+01	8.189486694335937500e+01
9.588116455078125000e+01	8.785971069335937500e+01
6.173435592651367188e+01	9.558396911621093750e+01
5.014100646972656250e+01	8.949441528320312500e+01
6.021381378173828125e+01	1.218506088256835938e+02
5.142342376708984375e+01	1.309127502441406250e+02
-1.627537353515625000e+03	-2.323408935546875000e+03
-6.755619049072265625e+01	1.643599853515625000e+02
1.554313507080078125e+02	-8.342739868164062500e+01
1.460966949462890625e+02	-9.093528747558593750e+01
1.431071014404296875e+02	-7.600439453125000000e+01
1.529933471679687500e+02	-5.590379714965820312e+01
1.496217651367187500e+02	-3.640168762207031250e+01
1.515726776123046875e+02	-2.575959968566894531e+01
-1.158083953857421875e+02	1.260248260498046875e+02
-1.275223770141601562e+02	1.246254959106445312e+02
4.966625595092773438e+01	-1.274385757446289062e+02
1.067372970581054688e+02	1.384109039306640625e+02
9.717153930664062500e+01	1.421025085449218750e+02
-1.205723648071289062e+02	1.388308868408203125e+02
5.380717849731445312e+01	-1.144830322265625000e+02
-5.299505233764648438e+01	-7.698123168945312500e+01
6.888488769531250000e+01	-1.068830642700195312e+02
6.430438995361328125e+01	-1.229161605834960938e+02
8.374606323242187500e+01	-1.057084350585937500e+02
7.808418273925781250e+01	-9.448600769042968750e+01
5.242038574218750000e+03	3.224856689453125000e+03
-3.064279479980468750e+02	-1.514518737792968750e+02
-5.254959869384765625e+01	1.088039245605468750e+02
-7.300933074951171875e+01	1.076168212890625000e+02
-6.081860733032226562e+01	1.062008972167968750e+02
-4.015967178344726562e+01	-8.671356964111328125e+01
3.707082271575927734e+00	6.929938507080078125e+01
-9.089402008056640625e+01	-3.947402954101562500e+01
-7.004723358154296875e+01	-5.947162246704101562e+01
9.258668899536132812e+00	7.991070556640625000e+01
-1.666206054687500000e+02	-2.175459480285644531e+01
-1.906208229064941406e+01	2.900125741958618164e+00
2.539556884765625000e+01	1.337042045593261719e+01
2.773336982727050781e+01	-2.520222854614257812e+01
3.542964935302734375e+01	-3.623507261276245117e+00
3.843780899047851562e+01	-3.196647262573242188e+01
3.021485900878906250e+01	-4.150077819824218750e+01
4.762060546875000000e+01	-7.470059967041015625e+01
-1.886409950256347656e+01	3.329936218261718750e+01
5.776635360717773438e+01	2.519715499877929688e+01
5.469101333618164062e+01	3.732625579833984375e+01
8.605789184570312500e+01	3.851286315917968750e+01
6.313128280639648438e+01	4.579108428955078125e+01
1.012414169311523438e+02	3.143123817443847656e+01
8.973767089843750000e+01	2.687639999389648438e+01
6.695062255859375000e+01	-2.708679008483886719e+01
6.848274230957031250e+01	-1.441911411285400391e+01
9.034274291992187500e+01	-3.483650970458984375e+01
8.003320312500000000e+01	-1.800169944763183594e+01
7.736809539794921875e+01	-5.526358795166015625e+01
1.091879348754882812e+02	-1.705015182495117188e+01
1.107011413574218750e+02	-6.542873382568359375e+00
-1.507321166992187500e+02	7.730771636962890625e+01
-1.530985870361328125e+02	5.551185989379882812e+01
-1.599560089111328125e+02	6.631375122070312500e+01
-5.600911331176757812e+01	-2.269313335418701172e+00
-1.643491973876953125e+02	4.987329483032226562e+01
-6.616265869140625000e+01	3.357122659683227539e+00
-6.829563140869140625e+01	1.487714099884033203e+01
-7.526020050048828125e+00	1.816867440938949585e-01
-1.254849720001220703e+01	-1.104666328430175781e+01
-3.102004814147949219e+01	3.450994110107421875e+01
-1.132896270751953125e+02	4.130973052978515625e+01
-2.971092987060546875e+01	4.673929977416992188e+01
-7.636785125732421875e+01	4.521302795410156250e+01
-7.793352508544921875e+01	6.430191802978515625e+01
-6.940505981445312500e+01	5.761122131347656250e+01
-9.888300323486328125e+01	5.364435958862304688e+01
-1.134886932373046875e+02	5.362252426147460938e+01
-1.156820144653320312e+02	1.861220741271972656e+01
-1.073232727050781250e+02	9.429154396057128906e+00
-1.033935470581054688e+02	-1.648039817810058594e+01
-1.168624496459960938e+02	7.388679385185241699e-01
1.102852535247802734e+01	-7.996914672851562500e+01
-9.248217773437500000e+01	-2.895514297485351562e+01
-1.607058906555175781e+01	-1.095502090454101562e+02
-9.957234382629394531e+00	-1.190958557128906250e+02
3.906592845916748047e+00	-1.046889038085937500e+02
1.642060661315917969e+01	-1.104449081420898438e+02
-1.873561024665832520e+00	-7.781394195556640625e+01
2.294433832168579102e+00	-6.600756072998046875e+01
-1.431757450103759766e+01	-5.815969848632812500e+01
-3.687428665161132812e+01	-4.130643463134765625e+01
-5.248291397094726562e+01	1.608449859619140625e+02
-6.177676391601562500e+01	1.531110687255859375e+02
-1.518891906738281250e+02	-4.032559967041015625e+01
-1.586650848388671875e+02	-3.173659515380859375e+01
5.440600585937500000e+01	-6.467815399169921875e+01
4.313893127441406250e+01	-5.868102264404296875e+01
