4.156688213348388672e+00	1.969296574592590332e+00
3.252681970596313477e+00	-8.963047981262207031e+00
1.468139934539794922e+01	1.455766201019287109e+01
2.324902725219726562e+01	1.421636962890625000e+01
-1.962140083312988281e+01	-1.452759552001953125e+01
-1.350696754455566406e+01	3.268316268920898438e+00
-2.987578582763671875e+01	-7.359104919433593750e+01
-2.501542282104492188e+01	-6.640157318115234375e+01
-2.593886756896972656e+01	-8.065200805664062500e+01
4.976241683959960938e+01	8.070655822753906250e+00
-1.648355102539062500e+01	5.231801605224609375e+01
-3.560748577117919922e+00	-7.643978118896484375e+01
1.575371932983398438e+01	-2.000445747375488281e+01
2.207048892974853516e+00	-8.214186859130859375e+01
-5.700269222259521484e+00	-8.441845703125000000e+01
-4.911327743530273438e+01	-3.427518463134765625e+01
-1.428552150726318359e+01	-5.028233718872070312e+01
-9.488892555236816406e+00	1.311362838745117188e+01
2.330580520629882812e+01	4.138512134552001953e+00
-2.749888038635253906e+01	-4.927915954589843750e+01
2.409932327270507812e+01	3.269440078735351562e+01
2.060180664062500000e+01	-7.918866634368896484e+00
-2.050411701202392578e+00	-1.925290679931640625e+01
-3.369731140136718750e+01	-2.291499900817871094e+01
-1.295629119873046875e+01	-2.636618423461914062e+01
-1.023586368560791016e+01	-3.299424743652343750e+01
-4.620784759521484375e+01	-6.946724700927734375e+01
-4.341436862945556641e+00	-1.439978480339050293e+00
-4.100909805297851562e+01	-6.276623153686523438e+01
-4.808734893798828125e+01	-5.982033157348632812e+01
-3.395907974243164062e+01	1.444001102447509766e+01
8.746309280395507812e+00	2.171088981628417969e+01
-2.235883474349975586e-01	1.804738616943359375e+01
1.200497055053710938e+01	3.887180709838867188e+01
4.256609725952148438e+01	5.084214782714843750e+01
4.051615905761718750e+01	4.097824478149414062e+01
1.700216674804687500e+01	5.181269073486328125e+01
-3.352735638618469238e-01	4.268801498413085938e+01
-3.966072845458984375e+01	-7.249713897705078125e+00
2.214155387878417969e+01	-4.014007186889648438e+01
-4.734521484375000000e+01	1.726542234420776367e+00
2.205919837951660156e+01	-4.914811325073242188e+01
3.074520301818847656e+01	-3.657463836669921875e+01
-3.922492218017578125e+01	-4.545852661132812500e+01
5.184309768676757812e+01	2.523750305175781250e+01
3.785886001586914062e+01	2.545367813110351562e+01
2.296055793762207031e+00	2.777433586120605469e+01
-2.548831939697265625e+01	-3.768291950225830078e+00
1.148060894012451172e+01	-3.559478282928466797e+00
2.280818462371826172e+00	5.673628234863281250e+01
2.715003013610839844e+01	2.314288520812988281e+01
6.478971004486083984e+00	1.201325893402099609e+01
3.464389419555664062e+01	1.360991954803466797e+01
-9.630138397216796875e+00	-9.783916473388671875e+00
-3.125720405578613281e+01	-3.560889816284179688e+01
3.579062652587890625e+01	4.109422862529754639e-01
3.279135513305664062e+01	-1.683734512329101562e+01
-2.047034454345703125e+01	1.226734447479248047e+01
1.810701751708984375e+01	2.294699478149414062e+01
9.333809018135070801e-01	-4.315371704101562500e+01
-1.918022155761718750e+01	-3.878546524047851562e+01
-7.944648265838623047e+00	2.486761474609375000e+01
5.068089008331298828e+00	-3.078566551208496094e+01
-1.122265243530273438e+01	3.642461776733398438e+01
-2.954260444641113281e+01	3.857511901855468750e+01
-4.577764892578125000e+01	-1.436582660675048828e+01
6.029148101806640625e+00	3.725533676147460938e+01
-1.666033029556274414e+00	8.770544052124023438e+00
1.366971015930175781e+01	3.056610488891601562e+01
-2.421942901611328125e+01	-2.920621871948242188e+01
2.693720436096191406e+01	4.334416961669921875e+01
-2.062703132629394531e+01	2.389664840698242188e+01
1.361584091186523438e+01	6.127048492431640625e+00
