-1.178916358947753906e+01	-6.670363903045654297e+00
-1.891052818298339844e+01	-2.523953056335449219e+01
-1.092880439758300781e+01	4.637929534912109375e+01
-3.218515396118164062e+01	4.495600891113281250e+01
5.276080322265625000e+01	-3.562131118774414062e+01
1.236197471618652344e+01	5.303033065795898438e+01
1.396239776611328125e+02	-1.238158721923828125e+02
1.448676605224609375e+02	-1.063347244262695312e+02
1.434716491699218750e+02	-1.406032104492187500e+02
-9.084993743896484375e+01	1.165295028686523438e+02
-5.194793319702148438e+01	-8.896682739257812500e+01
-4.142350769042968750e+01	-1.486508483886718750e+02
-6.791905975341796875e+01	-8.682563018798828125e+01
-2.379784202575683594e+01	-1.499320526123046875e+02
1.210596923828125000e+02	5.133123397827148438e+01
1.448376312255859375e+02	3.736157417297363281e+00
1.303928680419921875e+02	-4.783069133758544922e+00
3.553640604019165039e+00	-2.188409614562988281e+01
-3.885617828369140625e+01	-3.292141199111938477e+00
1.353330383300781250e+02	-4.933491134643554688e+01
-7.109722137451171875e+01	3.147743225097656250e+01
2.067571449279785156e+01	2.820995903015136719e+01
2.343965339660644531e+01	-4.145946502685546875e+01
1.171789016723632812e+02	-7.544747924804687500e+01
9.334461212158203125e+01	-2.687331390380859375e+01
1.083452224731445312e+02	-2.797104454040527344e+01
1.009605331420898438e+02	-1.446149902343750000e+02
2.932055664062500000e+01	6.550099849700927734e+00
1.047304306030273438e+02	-1.268259582519531250e+02
8.842107391357421875e+01	-1.279040908813476562e+02
-7.300088554620742798e-02	-6.196191024780273438e+01
-7.355988311767578125e+01	9.418617248535156250e+00
-2.101675224304199219e+01	9.822158813476562500e+00
-6.944732666015625000e+01	6.506039428710937500e+01
-1.330741882324218750e+02	1.783111381530761719e+01
-1.131560058593750000e+02	1.871844482421875000e+01
-3.159802246093750000e+01	9.162471771240234375e+01
-9.472197723388671875e+01	4.802516937255859375e+01
5.770981979370117188e+01	-7.129745960235595703e+00
2.622848320007324219e+01	-1.033146972656250000e+02
-1.096234512329101562e+02	-5.034931564331054688e+01
9.099470138549804688e+00	-9.309323120117187500e+01
2.024132537841796875e+01	-1.208592224121093750e+02
9.086488342285156250e+01	-9.181610870361328125e+01
-6.505287933349609375e+01	-4.388872146606445312e+01
-5.499325942993164062e+01	-2.058280563354492188e+01
-3.335835647583007812e+01	6.514089965820312500e+01
4.163421630859375000e+01	-6.427672576904296875e+01
8.271997451782226562e+00	8.040019273757934570e-01
-3.262783432006835938e+01	1.250033187866210938e+02
-5.084390640258789062e+01	3.771672439575195312e+01
-1.808924865722656250e+01	2.888844490051269531e+01
-9.071709442138671875e+01	8.174460601806640625e+01
2.975885391235351562e+01	-1.775546455383300781e+01
7.699900817871093750e+01	-7.065670013427734375e+01
1.891090011596679688e+01	8.527822113037109375e+01
-2.709772300720214844e+01	-5.095680236816406250e+01
-8.595913696289062500e+01	-1.433553123474121094e+01
-5.326366043090820312e+01	1.482611370086669922e+01
8.931113433837890625e+01	2.542768287658691406e+01
1.008457717895507812e+02	-5.291280746459960938e+01
-9.427888870239257812e+00	7.119118499755859375e+01
6.283501052856445312e+01	2.528201293945312500e+01
-1.215827636718750000e+02	6.721998596191406250e+01
5.969418048858642578e+00	1.168305130004882812e+02
7.625306701660156250e+01	-5.943814754486083984e+00
-7.492348480224609375e+01	5.222437286376953125e+01
-1.586659312248229980e+00	1.950416374206542969e+01
-5.224702453613281250e+01	5.745196914672851562e+01
7.903176116943359375e+01	-5.092272567749023438e+01
-6.178298187255859375e+01	9.476247406005859375e+01
4.372893905639648438e+01	5.004426193237304688e+01
-3.592692565917968750e+01	2.339289665222167969e+01
