-4.251220321655273438e+01	1.481197662353515625e+02
7.713526153564453125e+01	1.654116058349609375e+01
-5.142701625823974609e+00	-1.890047607421875000e+02
-5.815859222412109375e+01	-1.551592864990234375e+02
2.979565382003784180e+00	-1.742630767822265625e+02
-6.621137237548828125e+01	1.096581344604492188e+02
1.613257408142089844e+01	-1.870323181152343750e+02
5.668613815307617188e+01	6.986773681640625000e+01
2.821317100524902344e+01	1.745076446533203125e+02
-8.455632019042968750e+01	3.064538192749023438e+01
2.177396583557128906e+01	-2.096138000488281250e+02
-7.287838745117187500e+01	-1.653318977355957031e+01
7.557240295410156250e+01	-4.357445144653320312e+01
-9.627236938476562500e+01	4.359475708007812500e+01
-1.062880706787109375e+02	2.849628257751464844e+01
-1.474088859558105469e+01	9.856159210205078125e+01
8.377062225341796875e+01	-7.173136138916015625e+01
-6.886463928222656250e+01	1.311865539550781250e+02
-8.171780395507812500e+01	1.026685028076171875e+02
-1.798251724243164062e+01	1.572635803222656250e+02
7.031175231933593750e+01	8.275127410888671875e+01
-2.891891479492187500e+01	1.749289550781250000e+02
-6.869381427764892578e+00	1.727115478515625000e+02
-7.717182159423828125e+00	3.263708114624023438e+01
-1.650265312194824219e+01	2.116836738586425781e+01
-8.175090026855468750e+01	-1.452252349853515625e+02
-8.200099945068359375e+01	-1.163436813354492188e+02
-7.836305236816406250e+01	-1.340904235839843750e+02
4.889727020263671875e+01	8.675242614746093750e+01
-6.734678649902343750e+01	-2.586353063583374023e+00
1.645267295837402344e+01	-1.147970962524414062e+02
9.429846763610839844e+00	-8.111151885986328125e+01
-3.156013488769531250e+01	6.171785736083984375e+01
1.481819343566894531e+01	5.793166351318359375e+01
1.229154491424560547e+01	9.716964721679687500e+01
1.168331241607666016e+01	7.655649566650390625e+01
1.503197908401489258e+00	1.409019012451171875e+02
-3.276957702636718750e+01	-4.742423534393310547e+00
3.920940399169921875e+01	1.100688362121582031e+01
4.616315078735351562e+01	-9.701113700866699219e+00
2.236109924316406250e+01	2.209350204467773438e+01
2.216341018676757812e+01	3.823766946792602539e+00
-3.262309646606445312e+01	1.141430969238281250e+02
-3.631681823730468750e+01	9.765311431884765625e+01
2.587196540832519531e+01	-4.866903686523437500e+01
1.162912273406982422e+01	-4.628405761718750000e+01
-4.965658569335937500e+01	6.099663925170898438e+01
-4.345340347290039062e+01	4.426544952392578125e+01
-2.573109626770019531e+01	-1.876953697204589844e+01
8.260932159423828125e+01	-1.260176391601562500e+02
-3.637065124511718750e+01	-6.323699951171875000e+01
-2.152206993103027344e+01	-6.507510375976562500e+01
6.432441711425781250e+01	-1.106975860595703125e+02
6.629629516601562500e+01	-1.314898529052734375e+02
2.830760002136230469e+01	1.497115783691406250e+02
2.482990264892578125e+01	-1.026131439208984375e+02
4.554080200195312500e+01	1.696265869140625000e+02
3.194032859802246094e+01	1.302467651367187500e+02
4.908388900756835938e+01	1.404789276123046875e+02
5.471720504760742188e+01	1.187689971923828125e+02
4.491115951538085938e+01	-7.417288208007812500e+01
-3.336423492431640625e+01	-1.089040451049804688e+02
-2.734815597534179688e+01	-1.225511093139648438e+02
-1.363762187957763672e+01	1.303519134521484375e+02
2.819838523864746094e+00	1.200386581420898438e+02
