-1.272355575561523438e+02	-1.732217025756835938e+01
-1.237222595214843750e+02	3.342404937744140625e+01
9.208985900878906250e+01	4.072243499755859375e+01
-2.621390533447265625e+01	7.051479339599609375e+01
-4.540618133544921875e+01	-5.920047378540039062e+01
1.503223800659179688e+01	6.028831863403320312e+01
-1.078396606445312500e+02	8.487834930419921875e+01
-8.511793136596679688e+00	-3.292937469482421875e+01
3.501755905151367188e+01	-5.335330581665039062e+01
-7.076454162597656250e+01	-9.883874511718750000e+01
-4.101141357421875000e+01	-1.114720535278320312e+01
6.593486022949218750e+01	-1.218628692626953125e+01
-7.971405029296875000e+01	-3.313807678222656250e+01
1.118286666870117188e+02	-1.084838104248046875e+01
8.261391448974609375e+01	-6.072327804565429688e+01
-2.413031578063964844e+01	-1.181281661987304688e+02
7.052472114562988281e+00	1.132663040161132812e+02
5.902911758422851562e+01	8.139636230468750000e+01
-5.668783569335937500e+01	1.068647384643554688e+02
1.064814853668212891e+01	1.352990417480468750e+02
-1.052952408790588379e+00	1.902370834350585938e+01
4.015670013427734375e+01	-1.067385940551757812e+02
4.995050430297851562e+01	-1.264833374023437500e+02
-4.079937458038330078e+00	-7.626056671142578125e+01
-3.857042694091796875e+01	2.919804573059082031e+01
-7.198860931396484375e+01	5.524003982543945312e+01
4.556865310668945312e+01	2.974233055114746094e+01
-1.108873062133789062e+02	-6.865425872802734375e+01
2.465025138854980469e+01	-1.071740436553955078e+01
-8.118048858642578125e+01	1.060426044464111328e+01
