7.358290863037109375e+01	8.423748016357421875e+01
7.491860961914062500e+01	7.635596466064453125e+01
3.932906389236450195e+00	2.412248039245605469e+01
1.467632293701171875e+00	7.177916717529296875e+01
4.714122772216796875e+01	-6.619389343261718750e+01
-5.096324539184570312e+01	3.268768692016601562e+01
6.747035217285156250e+01	-1.137591552734375000e+02
8.096324920654296875e+01	-9.419352722167968750e+01
9.160234832763671875e+01	-1.054238510131835938e+02
2.928269958496093750e+01	4.250192642211914062e+01
4.067491531372070312e+01	3.897460174560546875e+01
8.964602661132812500e+01	-1.211476135253906250e+02
7.971717071533203125e+01	-4.065470504760742188e+01
9.667884826660156250e+01	-1.314260101318359375e+02
1.039823837280273438e+02	-1.019152908325195312e+02
-4.425017547607421875e+01	-1.190504760742187500e+02
3.025250053405761719e+01	-5.746552276611328125e+01
-1.711771392822265625e+01	3.279900360107421875e+01
-2.863381004333496094e+01	2.724345779418945312e+01
1.181761074066162109e+01	-8.828832244873046875e+01
-5.763533782958984375e+01	6.624763488769531250e+01
-8.726470947265625000e+01	2.053532028198242188e+01
-1.957174682617187500e+01	-4.635670471191406250e+01
-5.135693740844726562e+01	1.629631233215332031e+01
2.436610221862792969e+01	-3.643144989013671875e+01
2.469791030883789062e+01	-2.356960296630859375e+01
3.212923049926757812e+01	-1.241323013305664062e+02
-6.826831054687500000e+01	5.602847576141357422e+00
4.644867706298828125e+01	-1.159016723632812500e+02
5.379431152343750000e+01	-1.094208297729492188e+02
1.063094902038574219e+01	-4.000372695922851562e+01
-5.544138717651367188e+01	4.650409698486328125e+01
-7.222423553466796875e+01	4.334768295288085938e+01
-2.520495223999023438e+01	5.056737899780273438e+01
2.271891403198242188e+01	1.244709472656250000e+02
1.600628662109375000e+01	1.289413757324218750e+02
-6.215784072875976562e+01	9.020088958740234375e+01
1.208771743774414062e+02	-1.550181579589843750e+01
5.950160980224609375e+01	-5.315467453002929688e+01
1.237384490966796875e+02	-2.329887962341308594e+01
-5.654462432861328125e+01	-1.103753433227539062e+02
-5.943755722045898438e+01	-1.177763290405273438e+02
-1.068511123657226562e+02	-1.377997875213623047e+01
5.589721679687500000e+01	-8.232325744628906250e+01
-1.007425537109375000e+02	1.041275329589843750e+02
-3.253238439559936523e+00	4.751425933837890625e+01
-4.375573730468750000e+01	5.540295410156250000e+01
3.180779075622558594e+01	-7.622402191162109375e+01
-4.752076339721679688e+01	-3.599649906158447266e+00
-3.326340484619140625e+01	1.227590084075927734e+01
-6.405044555664062500e+01	-2.313511276245117188e+01
-9.476718902587890625e+01	4.212265777587890625e+01
-4.160015487670898438e+01	7.868927764892578125e+01
8.280622482299804688e+00	-7.039710235595703125e+01
4.371813583374023438e+01	-5.753111648559570312e+01
-1.663645553588867188e+01	9.157179260253906250e+01
8.642874956130981445e-01	-3.513471603393554688e+00
-4.088578796386718750e+01	2.631049537658691406e+01
-9.176515960693359375e+01	9.502106475830078125e+01
4.931275177001953125e+01	-3.164088630676269531e+01
4.432075119018554688e+01	-4.352494049072265625e+01
-6.441320037841796875e+01	2.698876380920410156e+01
-2.641111183166503906e+01	-8.813382148742675781e+00
-1.177583465576171875e+02	5.749729919433593750e+01
-9.762605285644531250e+01	-5.899920940399169922e+00
7.207865142822265625e+01	-6.338903427124023438e+01
-3.619569778442382812e+01	4.161293411254882812e+01
-8.059448242187500000e+01	6.523473358154296875e+01
-4.149232482910156250e+01	6.127966308593750000e+01
6.600170898437500000e+01	-1.789760971069335938e+01
-2.585470199584960938e+01	6.867542266845703125e+01
-4.087819671630859375e+01	1.102932357788085938e+02
-1.566771030426025391e+01	1.447341346740722656e+01
