-1.134895324707031250e+02	-5.749203872680664062e+01
-1.323158569335937500e+02	-4.938214111328125000e+01
9.114117622375488281e+00	2.994948005676269531e+01
3.814794540405273438e+01	-3.813416290283203125e+01
2.262698745727539062e+01	8.799370765686035156e+00
-3.464221572875976562e+01	-5.075793457031250000e+01
6.893953704833984375e+01	-6.222959899902343750e+01
4.239481735229492188e+01	2.348526763916015625e+01
-3.587360382080078125e+00	-5.678683471679687500e+01
7.138814544677734375e+01	5.516832733154296875e+01
-4.539770507812500000e+01	7.951959609985351562e+00
-5.956975173950195312e+01	3.571970367431640625e+01
-8.767178344726562500e+01	5.191079330444335938e+01
2.607247924804687500e+01	-7.376456451416015625e+01
-5.239881896972656250e+01	-1.164155349731445312e+02
-4.822830963134765625e+01	-1.009233322143554688e+02
-9.342553138732910156e+00	6.197309875488281250e+01
-9.926793670654296875e+01	1.243180990219116211e+00
6.347524166107177734e+00	-4.741794586181640625e+00
7.699752807617187500e+01	1.215849590301513672e+01
-9.318210601806640625e+00	1.321841239929199219e+01
-6.843572235107421875e+01	-1.714343070983886719e+01
-4.304727554321289062e+01	-2.633981132507324219e+01
-1.737455749511718750e+01	-1.664221382141113281e+01
9.648309707641601562e+00	-2.777709770202636719e+01
-6.797138214111328125e+01	-5.667552185058593750e+01
3.056437492370605469e+01	5.005489349365234375e+01
4.754195404052734375e+01	-1.317372798919677734e+00
2.826002120971679688e+01	-1.391385078430175781e+01
6.535488891601562500e+01	-2.189372634887695312e+01
