-4.378834724426269531e+00	2.202066421508789062e+00
-3.524701690673828125e+01	-1.901959800720214844e+01
-4.358263397216796875e+01	-1.185805130004882812e+01
-5.119497299194335938e+01	-3.318291664123535156e+00
-2.386655807495117188e+01	-5.523003101348876953e+00
-1.560871791839599609e+01	-1.264673423767089844e+01
-2.834027671813964844e+01	2.156151199340820312e+01
-2.226107597351074219e+01	4.307549953460693359e+00
-2.870776939392089844e+01	-2.842156028747558594e+01
-2.952091026306152344e+01	1.043909358978271484e+01
-4.596556663513183594e+00	-1.953034210205078125e+01
6.472580432891845703e+00	9.243282318115234375e+00
-5.018773651123046875e+01	7.370215415954589844e+00
-1.356891822814941406e+01	8.326354980468750000e+00
-3.991188049316406250e+01	7.747877597808837891e+00
-1.950679779052734375e+01	2.672470474243164062e+01
-5.109349060058593750e+01	2.884642028808593750e+01
-2.943469047546386719e+01	3.236489868164062500e+01
-6.709647369384765625e+01	1.893192052841186523e+00
-2.522650337219238281e+01	-1.605192184448242188e+01
-4.525593185424804688e+01	-2.427616691589355469e+01
-4.665184020996093750e+01	1.749075698852539062e+01
-5.793201446533203125e+01	1.727267074584960938e+01
-3.924394226074218750e+01	2.639630699157714844e+01
-3.959316253662109375e+01	3.829007720947265625e+01
-4.112184524536132812e+01	-1.678757071495056152e+00
-3.649113082885742188e+01	1.661295127868652344e+01
-1.193719482421875000e+01	1.987086677551269531e+01
-3.321872329711914062e+01	-8.539492607116699219e+00
-3.162969970703125000e+01	1.244393825531005859e+00
-4.345557212829589844e+00	1.290444469451904297e+01
-1.981703567504882812e+01	3.901865005493164062e+01
-1.650506591796875000e+01	-2.450056266784667969e+01
5.304086685180664062e+00	-5.108456134796142578e+00
-8.696063041687011719e+00	3.176941490173339844e+01
-5.902593612670898438e+00	-8.401007652282714844e+00
-2.094656181335449219e+01	1.496133422851562500e+01
-6.227533340454101562e+01	2.566101551055908203e+00
-5.522353744506835938e+01	-1.433632564544677734e+01
-1.455213546752929688e+01	-1.994094014167785645e+00
9.029976725578308105e-01	2.322781372070312500e+01
