-2.257845878601074219e+00	8.208490371704101562e+00
-2.412630558013916016e+00	7.401379108428955078e+00
-2.594375371932983398e+00	7.037525177001953125e+00
-1.771951794624328613e+00	9.122909545898437500e+00
-1.299778819084167480e+00	9.250481605529785156e+00
-1.105139374732971191e+00	8.793811798095703125e+00
-2.511963129043579102e+00	-2.190662860870361328e+00
-2.426912069320678711e+00	-2.659489393234252930e+00
-2.408262968063354492e+00	-3.057963609695434570e+00
-4.816684722900390625e+00	7.139330387115478516e+00
6.876460313796997070e-01	-1.058463382720947266e+01
5.595166206359863281e+00	-8.057758331298828125e+00
6.714892983436584473e-01	-1.074890708923339844e+01
-2.645732834935188293e-02	4.809786319732666016e+00
6.471463441848754883e-01	-1.128741168975830078e+01
4.302537918090820312e+00	9.501827239990234375e+00
1.166306972503662109e+00	1.132031822204589844e+01
-1.700473308563232422e+00	6.491613388061523438e-01
9.869801998138427734e-01	-1.228257274627685547e+01
-5.412097930908203125e+00	3.094232559204101562e+00
4.071731567382812500e+00	-5.793327808380126953e+00
-3.529633760452270508e+00	1.051435232162475586e+00
4.079555988311767578e+00	-5.792738914489746094e+00
-3.100646018981933594e+00	7.634289860725402832e-01
-3.382059812545776367e+00	4.002546072006225586e-01
-1.263846039772033691e+00	5.919922590255737305e-01
-9.047085642814636230e-01	3.422319293022155762e-01
1.404557108879089355e+00	9.246334075927734375e+00
1.970712423324584961e+00	-7.366585254669189453e+00
-1.105397939682006836e+00	5.507666110992431641e+00
-1.240948081016540527e+00	5.659795761108398438e+00
-6.275821924209594727e-01	6.234136104583740234e+00
-2.394789904356002808e-01	4.324872970581054688e+00
1.037354171276092529e-01	2.970033407211303711e+00
1.596237868070602417e-01	2.740516424179077148e+00
3.426885843276977539e+00	-1.003915500640869141e+01
3.087505340576171875e+00	-1.017074394226074219e+01
-6.565242409706115723e-01	1.055772018432617188e+01
7.722143173217773438e+00	3.576890230178833008e+00
7.720333576202392578e+00	3.490124464035034180e+00
3.704800605773925781e+00	-1.054492092132568359e+01
-1.233529806137084961e+00	1.083678436279296875e+01
4.550230503082275391e+00	9.924206733703613281e+00
-1.481520771980285645e+00	1.187458992004394531e+01
-8.897418379783630371e-01	1.128371810913085938e+01
-1.734788417816162109e+00	1.270153999328613281e+01
-2.207689285278320312e+00	1.245838928222656250e+01
4.913343429565429688e+00	3.378947257995605469e+00
4.913300514221191406e+00	3.396640539169311523e+00
6.682244300842285156e+00	-8.676649093627929688e+00
7.364232540130615234e+00	-8.290442466735839844e+00
6.753977298736572266e+00	-8.612307548522949219e+00
3.863774061203002930e+00	9.541891098022460938e+00
-5.615362644195556641e+00	3.371643781661987305e+00
7.744355201721191406e+00	1.490962952375411987e-01
6.215445518493652344e+00	9.767110347747802734e-01
-5.898983955383300781e+00	3.570360660552978516e+00
-8.729044795036315918e-01	-7.426196098327636719e+00
2.395632028579711914e+00	4.815686225891113281e+00
-5.263239383697509766e+00	6.268822193145751953e+00
-4.216379642486572266e+00	8.729105949401855469e+00
-5.054172039031982422e+00	7.365030288696289062e+00
-4.660681247711181641e+00	9.084959983825683594e+00
-4.735421180725097656e+00	9.654821395874023438e+00
-3.115689754486083984e+00	1.098524951934814453e+01
2.723152160644531250e+00	2.374878168106079102e+00
-3.011404514312744141e+00	4.573729991912841797e+00
-2.861996173858642578e+00	3.841831684112548828e+00
4.520668983459472656e+00	6.206419467926025391e+00
-2.752566814422607422e+00	3.455031394958496094e+00
5.328439712524414062e+00	6.438716888427734375e+00
4.970699310302734375e+00	6.215725421905517578e+00
2.604786157608032227e-01	8.432384490966796875e+00
5.636297464370727539e-01	7.849975585937500000e+00
1.710571050643920898e+00	8.768427848815917969e+00
8.821578621864318848e-01	7.937429428100585938e+00
6.862602233886718750e-01	9.839243888854980469e+00
2.616757631301879883e+00	7.634230136871337891e+00
2.751942157745361328e+00	7.422447681427001953e+00
2.520863533020019531e+00	-4.031686782836914062e+00
1.411097168922424316e+00	-3.655066251754760742e+00
1.821509838104248047e+00	-3.881375312805175781e+00
2.200662612915039062e+00	-9.756150245666503906e-01
1.142032980918884277e+00	-3.323163747787475586e+00
2.451845407485961914e+00	-1.361904621124267578e+00
2.719461202621459961e+00	-1.603440284729003906e+00
2.245586633682250977e+00	5.050645351409912109e+00
2.111563682556152344e+00	5.389855861663818359e+00
2.765679597854614258e+00	1.979333996772766113e+00
7.384470462799072266e+00	-4.501466751098632812e+00
2.851401090621948242e+00	1.598824143409729004e+00
5.034676551818847656e+00	-3.091361761093139648e+00
5.403419971466064453e+00	-2.182027816772460938e+00
5.298213958740234375e+00	-2.273014545440673828e+00
6.514839172363281250e+00	-3.720903158187866211e+00
6.984227657318115234e+00	-4.470832824707031250e+00
8.411045074462890625e+00	-3.220677375793457031e+00
8.613089561462402344e+00	-2.841286420822143555e+00
8.238327026367187500e+00	-1.189665436744689941e+00
8.917468070983886719e+00	-2.475816011428833008e+00
5.450496673583984375e-01	1.221429824829101562e+01
7.738672256469726562e+00	-8.651217073202133179e-02
2.985592365264892578e+00	1.115070629119873047e+01
3.053380727767944336e+00	1.166318988800048828e+01
1.850837349891662598e+00	1.175422191619873047e+01
1.653259038925170898e+00	1.108118438720703125e+01
6.549772620201110840e-01	1.274830436706542969e+01
5.382710695266723633e-01	1.329729175567626953e+01
1.731365561485290527e+00	1.338483142852783203e+01
4.775933265686035156e+00	-2.558393869549036026e-03
1.802541494369506836e+00	-6.845959186553955078e+00
1.887474894523620605e+00	-7.016202449798583984e+00
-1.264788389205932617e+00	-6.441468238830566406e+00
-1.119336128234863281e+00	-6.748724460601806641e+00
-2.872580528259277344e+00	1.042878532409667969e+01
-3.421465635299682617e+00	1.015011310577392578e+01
