2.081375274658203125e+02	-3.890672302246093750e+01
9.861926436424255371e-01	3.239236450195312500e+02
8.871353912353515625e+01	-3.891421890258789062e+01
-5.977023315429687500e+01	-7.348585510253906250e+01
-2.255071640014648438e+01	1.923694763183593750e+02
2.242133712768554688e+01	1.685023498535156250e+01
-3.166249694824218750e+02	3.469859313964843750e+01
-7.807505035400390625e+01	1.688898010253906250e+02
2.834732360839843750e+02	-1.008157119750976562e+02
1.081316680908203125e+02	1.099704208374023438e+02
-1.562780456542968750e+02	8.546640777587890625e+01
-3.023991088867187500e+02	-4.343458175659179688e+01
1.955149536132812500e+02	1.879148712158203125e+02
2.782449035644531250e+02	1.554250335693359375e+02
-2.363571777343750000e+02	2.226810455322265625e+02
-1.906916351318359375e+02	-1.288593750000000000e+02
2.610122489929199219e+01	1.271273727416992188e+02
1.731606292724609375e+02	1.048473434448242188e+02
6.129201126098632812e+01	-1.126429915428161621e+00
1.833177490234375000e+02	-2.450898590087890625e+02
4.861796569824218750e+01	-4.338092422485351562e+01
-6.315452575683593750e+01	2.499729003906250000e+02
-1.157253417968750000e+02	-1.864250946044921875e+02
1.296931915283203125e+02	-1.514219207763671875e+02
-2.942328453063964844e+01	1.199258575439453125e+02
-1.808541107177734375e+02	-2.850429153442382812e+01
-2.325286560058593750e+02	-1.589473628997802734e+01
2.016630401611328125e+02	4.224969482421875000e+01
-2.570051879882812500e+02	5.320422363281250000e+01
-2.354225769042968750e+02	6.249140548706054688e+01
1.116626434326171875e+02	2.537771453857421875e+02
-3.980882644653320312e+01	2.427864646911621094e+01
-4.078285598754882812e+01	-1.698392944335937500e+02
-2.002786254882812500e+01	-9.691601562500000000e+01
6.640381622314453125e+01	-1.314197387695312500e+02
-7.409878540039062500e+01	-2.543747901916503906e+01
-1.177148590087890625e+02	-6.722021484375000000e+01
-1.435825347900390625e+02	3.478707122802734375e+01
-5.167205429077148438e+01	7.431163787841796875e+01
1.093066329956054688e+02	1.757000274658203125e+02
2.847270507812500000e+02	2.849401092529296875e+01
2.935938110351562500e+02	-6.314999580383300781e+00
9.976726531982421875e+01	-2.182176666259765625e+02
-1.374458007812500000e+02	2.310128326416015625e+02
-3.033139801025390625e+01	-2.534260864257812500e+02
2.651523590087890625e+01	-9.503432464599609375e+01
8.726884841918945312e+00	7.151876068115234375e+01
2.144179153442382812e+01	2.493134155273437500e+02
1.579521331787109375e+02	9.841105937957763672e-01
6.370810317993164062e+01	8.614520263671875000e+01
1.637023315429687500e+02	-9.403668975830078125e+01
1.351997375488281250e+02	5.342863845825195312e+01
-2.980338859558105469e+01	-3.959995269775390625e+01
-9.397299957275390625e+01	1.005618515014648438e+02
-2.098050308227539062e+01	1.682596588134765625e+02
9.125103759765625000e+01	3.736341476440429688e+01
5.011957931518554688e+01	4.603076934814453125e+01
2.070532989501953125e+01	-2.053787040710449219e+01
-1.420941448211669922e+01	-3.568702936172485352e+00
2.197522125244140625e+02	-1.582839508056640625e+02
-2.003400878906250000e+02	1.453629913330078125e+02
-8.183283233642578125e+01	-1.217262344360351562e+02
9.064876556396484375e+00	-1.411537322998046875e+02
1.348227691650390625e+02	-4.750265884399414062e+01
1.042110748291015625e+02	-8.925536346435546875e+01
4.303726577758789062e+01	1.843098754882812500e+02
6.348054504394531250e+01	-7.801202392578125000e+01
-8.763294982910156250e+01	2.318020629882812500e+01
-9.063010811805725098e-01	5.834163665771484375e+01
-1.318171081542968750e+02	1.568943634033203125e+02
1.090210418701171875e+02	-1.900012612342834473e+00
3.591714096069335938e+01	-1.937989501953125000e+02
6.236858844757080078e+00	-5.824540710449218750e+01
