-8.016596221923828125e+01	6.675098419189453125e+00
1.151119613647460938e+02	-5.520627593994140625e+01
1.376973724365234375e+02	-2.330392837524414062e+01
1.773076057434082031e+01	1.138295440673828125e+02
-3.018751525878906250e+01	3.560538101196289062e+01
1.045483932495117188e+02	-1.351502990722656250e+02
-2.776686286926269531e+01	-1.924099349975585938e+01
8.930783081054687500e+01	-1.033919982910156250e+02
6.594616699218750000e+01	-1.344685516357421875e+02
-5.320297241210937500e+01	-9.002575683593750000e+01
-4.608559417724609375e+01	7.592739582061767578e+00
7.160512542724609375e+01	-4.656206130981445312e+01
3.130114936828613281e+01	-3.386740112304687500e+01
8.106440544128417969e+00	-1.208661174774169922e+01
3.644990682601928711e+00	3.391515731811523438e+01
-4.391231155395507812e+01	6.561821746826171875e+01
5.251406097412109375e+01	-8.805757522583007812e+00
5.746153259277343750e+01	2.712458038330078125e+01
3.182814025878906250e+01	-8.431353759765625000e+01
1.977149581909179688e+01	7.785156250000000000e+01
2.665168571472167969e+01	1.220145511627197266e+01
-1.657734489440917969e+01	-7.242169189453125000e+01
6.025096511840820312e+01	7.840408325195312500e+01
8.851915740966796875e+01	4.777165222167968750e+01
-1.210255889892578125e+02	4.268709659576416016e+00
-6.220032882690429688e+01	-2.259116744995117188e+01
-1.013047943115234375e+02	3.990320968627929688e+01
-8.021865081787109375e+01	-6.100342941284179688e+01
-4.249193954467773438e+01	-4.926500701904296875e+01
-4.234305381774902344e+00	-4.106020736694335938e+01
-5.452920913696289062e+01	1.008999862670898438e+02
-9.752325057983398438e+00	6.207037353515625000e+01
-1.765053558349609375e+01	9.592633819580078125e+01
-1.052176284790039062e+01	-1.117147674560546875e+02
-9.804393005371093750e+01	-2.822585678100585938e+01
-8.218308258056640625e+01	7.216082000732421875e+01
8.815549468994140625e+01	1.031130909919738770e+00
2.462107276916503906e+01	-6.939237213134765625e+01
-6.427379608154296875e+01	3.698269271850585938e+01
3.249256515502929688e+01	4.781935501098632812e+01
-1.339061260223388672e+01	8.761026382446289062e+00
