2.327633361816406250e+02	3.315815353393554688e+01
1.888411102294921875e+02	4.848824691772460938e+01
1.963839263916015625e+02	8.718615722656250000e+01
2.176182708740234375e+02	-1.227894496917724609e+01
2.516771545410156250e+02	-3.071444320678710938e+01
-1.360572509765625000e+02	2.469745445251464844e+01
-1.674756774902343750e+02	2.341033363342285156e+01
1.035259704589843750e+02	-6.288987636566162109e+00
6.972660827636718750e+01	1.440807952880859375e+02
-6.995769500732421875e+01	1.486012725830078125e+02
3.779482650756835938e+01	1.197710189819335938e+02
2.436979293823242188e+01	1.563633422851562500e+02
1.815497589111328125e+01	4.704309463500976562e+01
2.672269439697265625e+01	1.511114120483398438e+01
-4.115974044799804688e+01	5.345106124877929688e+01
-6.765534210205078125e+01	6.713642883300781250e+01
-1.652169494628906250e+02	2.717706909179687500e+02
-1.624723510742187500e+02	3.099884948730468750e+02
1.998880615234375000e+02	-6.673841857910156250e+01
-2.528074645996093750e+01	2.364302978515625000e+02
-5.626876068115234375e+01	2.254869232177734375e+02
-2.050684356689453125e+02	2.881071472167968750e+02
1.512418212890625000e+02	-6.584776306152343750e+01
1.578428955078125000e+02	-2.970286178588867188e+01
9.974446868896484375e+01	5.033477401733398438e+01
-2.245721130371093750e+02	1.794466552734375000e+02
7.460108184814453125e+01	-3.897206497192382812e+01
7.793749237060546875e+01	-7.340921783447265625e+01
-4.334846496582031250e+00	-5.549352264404296875e+01
-3.881171798706054688e+01	-5.099467468261718750e+01
1.051430664062500000e+02	-1.551576080322265625e+02
1.348644714355468750e+02	-1.842598419189453125e+02
1.399253692626953125e+02	-1.233201599121093750e+02
4.582228469848632812e+01	-1.415731506347656250e+02
9.353484153747558594e+00	-1.403647766113281250e+02
-1.368123626708984375e+02	-8.198262023925781250e+01
-2.444839172363281250e+02	-9.824243927001953125e+01
-2.332493286132812500e+02	-4.856726074218750000e+01
-2.085399017333984375e+02	-9.988510131835937500e+01
-2.052341461181640625e+02	-1.375958862304687500e+02
-4.944820785522460938e+01	-1.316219482421875000e+02
-1.945660858154296875e+02	1.120671539306640625e+02
-3.392070922851562500e+02	8.671791076660156250e+01
-3.038331909179687500e+02	7.372130584716796875e+01
-2.612882385253906250e+02	9.462673187255859375e+01
-3.031087646484375000e+02	1.157810668945312500e+02
2.447536621093750000e+02	-1.129324188232421875e+02
2.370891418457031250e+02	-1.522431488037109375e+02
1.975807342529296875e+02	-1.267051162719726562e+02
8.035288085937500000e+02	5.706656494140625000e+02
-1.710188964843750000e+03	-2.915565917968750000e+03
