2.988391113281250000e+02	-1.448185062408447266e+01
3.331323547363281250e+02	1.375712966918945312e+01
3.204109802246093750e+02	5.085981369018554688e+01
2.551117858886718750e+02	-3.867405319213867188e+01
2.487427368164062500e+02	-7.461252593994140625e+01
-7.236803436279296875e+01	2.290303039550781250e+02
-9.737100982666015625e+01	2.504850463867187500e+02
1.591878967285156250e+02	7.585556793212890625e+01
1.095934448242187500e+02	2.339873809814453125e+02
3.520584869384765625e+01	2.849512023925781250e+02
1.332068634033203125e+02	2.702562866210937500e+02
9.136352539062500000e+01	2.741357421875000000e+02
4.293675613403320312e+01	1.888296508789062500e+01
6.340759658813476562e+01	-7.176120281219482422e+00
-1.669250869750976562e+01	3.947070360183715820e+00
-5.030087280273437500e+01	4.897768497467041016e-01
-3.003572082519531250e+02	3.112399291992187500e+02
-2.704168395996093750e+02	2.867170410156250000e+02
1.763141784667968750e+02	-7.201907348632812500e+01
-7.143330383300781250e+01	-2.695833740234375000e+02
-9.862940216064453125e+01	-2.500619506835937500e+02
-3.174780273437500000e+02	2.704888000488281250e+02
1.891032409667968750e+02	-1.643912696838378906e+01
1.539833831787109375e+02	-2.058440208435058594e+01
1.071456298828125000e+02	1.094709930419921875e+02
-2.291701354980468750e+02	1.332578430175781250e+02
2.036181488037109375e+02	5.975249481201171875e+01
3.201524047851562500e+02	-9.438808441162109375e+01
-2.128700733184814453e+00	1.078810272216796875e+02
-3.562685775756835938e+01	1.145022888183593750e+02
8.695262145996093750e+01	-1.498754119873046875e+02
9.849666595458984375e+01	-1.882073669433593750e+02
1.229884338378906250e+02	-1.209087295532226562e+02
1.151908969879150391e+01	-1.186971588134765625e+02
-2.524398612976074219e+01	-1.145952301025390625e+02
-9.639867401123046875e+01	-1.223377761840820312e+02
-2.047812042236328125e+02	-1.036400985717773438e+02
-2.104832458496093750e+02	-1.579006042480468750e+02
-2.418256530761718750e+02	-1.074068298339843750e+02
-2.701499328613281250e+02	-8.141184997558593750e+01
-1.455928344726562500e+02	6.477051258087158203e+00
-2.014720001220703125e+02	3.745304489135742188e+01
-3.009814147949218750e+02	4.595467376708984375e+01
-3.330573425292968750e+02	6.883047485351562500e+01
-3.862652587890625000e+02	6.068565368652343750e+01
-3.492735900878906250e+02	2.928231239318847656e+01
2.379839782714843750e+02	-1.776831359863281250e+02
2.072874908447265625e+02	-1.999103546142578125e+02
1.968880920410156250e+02	-1.508391418457031250e+02
-1.443945922851562500e+02	3.681861267089843750e+02
-1.122259292602539062e+02	3.772759399414062500e+02
