8.375643920898437500e+01	1.320412445068359375e+02
1.266904678344726562e+02	1.298686370849609375e+02
2.294291877746582031e+01	-3.071897888183593750e+01
7.582200622558593750e+01	7.613702392578125000e+01
7.352797508239746094e+00	4.823929595947265625e+01
-2.519637680053710938e+01	-4.817578887939453125e+01
-6.513238525390625000e+01	-7.465458869934082031e+00
2.195294570922851562e+01	1.162010097503662109e+01
-1.220942001342773438e+02	7.997681140899658203e+00
2.925117731094360352e+00	1.400139312744140625e+02
-4.485212326049804688e+01	-9.001233673095703125e+01
-1.023429183959960938e+02	-8.071838378906250000e+01
-1.256682662963867188e+02	-1.377180938720703125e+02
-7.778534698486328125e+01	6.113068771362304688e+01
-7.485689544677734375e+01	-1.939173431396484375e+02
-5.812844467163085938e+01	-1.736070098876953125e+02
1.266719589233398438e+02	-6.223936462402343750e+01
6.932474136352539062e+00	-1.439150543212890625e+02
-2.989051628112792969e+01	3.521510696411132812e+01
-2.643987846374511719e+01	8.714620971679687500e+01
2.820524787902832031e+01	8.404004669189453125e+01
6.819995117187500000e+01	-1.093861618041992188e+02
1.014594173431396484e+01	-8.181658172607421875e+01
9.706217956542968750e+01	3.415334320068359375e+01
4.905400085449218750e+01	4.050315856933593750e+01
1.650337066650390625e+02	2.045255088806152344e+01
6.519725799560546875e+01	-4.795888519287109375e+01
5.981912612915039062e+01	-1.032102823257446289e+00
-1.366427707672119141e+01	-2.222086906433105469e+00
1.026076507568359375e+02	-1.165992927551269531e+01
