8.473825454711914062e+00	-1.668849792480468750e+02
2.620912933349609375e+01	-2.188594970703125000e+02
1.499890136718750000e+02	3.171704292297363281e+01
1.131944503784179688e+02	7.627655029296875000e+01
9.543305969238281250e+01	-2.230579223632812500e+02
-2.329722166061401367e+00	-9.176877140998840332e-01
-1.863221282958984375e+02	1.949495849609375000e+02
2.335171508789062500e+02	1.423742218017578125e+02
-2.854910583496093750e+02	-4.112289810180664062e+01
1.695394134521484375e+02	-6.257462310791015625e+01
-1.491128234863281250e+02	-9.501366424560546875e+01
-3.172694091796875000e+02	1.501096630096435547e+01
-8.953233337402343750e+01	1.714418334960937500e+02
-2.589981079101562500e+02	1.736222229003906250e+02
-7.985157775878906250e+01	2.943612060546875000e+02
-2.095976104736328125e+02	-3.172749137878417969e+01
-1.005209655761718750e+02	1.036001110076904297e+01
1.374857482910156250e+02	-1.287159423828125000e+02
3.187511634826660156e+01	2.614057922363281250e+01
-1.258585205078125000e+02	2.359564208984375000e+02
6.465725708007812500e+01	3.876837730407714844e+00
1.966054534912109375e+02	-1.104862213134765625e+02
-1.088589935302734375e+02	-1.413087921142578125e+02
8.852355957031250000e+01	1.795262756347656250e+02
-1.401054382324218750e+02	-2.212408256530761719e+01
-2.129580688476562500e+02	-1.026320953369140625e+02
-2.580693359375000000e+02	5.445273590087890625e+01
-1.229898529052734375e+02	6.121428298950195312e+01
-2.987533874511718750e+02	1.125185241699218750e+02
8.278342437744140625e+01	1.287140960693359375e+02
-1.787487335205078125e+02	2.858403778076171875e+01
-5.825788497924804688e+01	-2.230458259582519531e+01
2.779601287841796875e+01	1.532396697998046875e+02
-9.340753555297851562e+00	3.933647155761718750e+01
-7.458568572998046875e+01	-9.887764739990234375e+01
-4.646461868286132812e+01	-6.590395355224609375e+01
-4.564276885986328125e+01	1.659910392761230469e+01
1.687774810791015625e+02	-1.900445098876953125e+02
6.330036163330078125e+01	-1.554825134277343750e+02
-1.348550872802734375e+02	-2.084618072509765625e+02
2.407928619384765625e+02	4.469932174682617188e+01
-2.681537246704101562e+01	1.989676361083984375e+02
3.791529464721679688e+01	2.267943878173828125e+02
-1.358533630371093750e+02	1.248772277832031250e+02
1.446683349609375000e+02	2.308488616943359375e+02
1.942815971374511719e+01	7.067362213134765625e+01
6.502504730224609375e+01	-7.581431579589843750e+01
2.721534729003906250e+02	-6.369985198974609375e+01
-1.181946849822998047e+01	1.216158676147460938e+02
1.188439941406250000e+02	-6.753973388671875000e+01
-9.780353546142578125e+01	-5.254660797119140625e+01
-6.754826354980468750e+01	1.062965850830078125e+02
1.520171451568603516e+01	-6.671092224121093750e+01
1.483809356689453125e+02	1.364764099121093750e+02
-7.205248260498046875e+01	5.061313629150390625e+01
3.308681488037109375e+01	-2.491420745849609375e+01
-4.046731567382812500e+01	-1.384651184082031250e+02
-1.451214504241943359e+01	-3.795244979858398438e+01
9.525283813476562500e+01	-2.319362640380859375e+01
-4.287422180175781250e+01	-2.654890441894531250e+02
-5.570834732055664062e+01	-1.963630523681640625e+02
9.049789428710937500e+01	-1.154937515258789062e+02
-1.487182903289794922e+01	-1.007763137817382812e+02
-2.898371315002441406e+01	7.705912017822265625e+01
6.737719726562500000e+01	5.537505722045898438e+01
-1.979566955566406250e+02	1.026437606811523438e+02
3.036861228942871094e+01	-1.122857131958007812e+02
4.836376953125000000e+01	1.000539169311523438e+02
6.693566894531250000e+01	-5.991528320312500000e+01
1.770225524902343750e+02	8.147183990478515625e+01
1.395157623291015625e+02	-1.707156562805175781e+01
1.963563537597656250e+02	-9.889786720275878906e+00
1.031534729003906250e+02	2.598689270019531250e+01
