6.077282428741455078e+00	-6.597610950469970703e+00
5.499177455902099609e+00	-5.843452453613281250e+00
5.191431522369384766e+00	-5.438428401947021484e+00
7.097397804260253906e+00	-7.199209213256835938e+00
7.724219322204589844e+00	-7.056905269622802734e+00
8.015727996826171875e+00	-6.446694374084472656e+00
1.828994154930114746e+00	1.615383982658386230e+00
1.397712588310241699e+00	1.990754127502441406e+00
1.000574350357055664e+00	2.348009586334228516e+00
1.094426822662353516e+01	-5.620791912078857422e+00
-8.948040008544921875e+00	9.319655418395996094e+00
-1.109964561462402344e+01	5.433239936828613281e+00
-8.802633285522460938e+00	9.615741729736328125e+00
9.401959419250488281e+00	-2.605440855026245117e+00
-8.244802474975585938e+00	9.994264602661132812e+00
2.201161623001098633e+00	-8.447468757629394531e+00
7.390856266021728516e+00	-1.411082935333251953e+01
6.567409038543701172e+00	2.012265682220458984e+00
-7.149151802062988281e+00	1.046842575073242188e+01
3.671876192092895508e+00	-2.021236896514892578e+00
-3.988937139511108398e-01	5.040909767150878906e+00
5.253957748413085938e+00	3.632833063602447510e-01
-3.477936089038848877e-01	5.049459934234619141e+00
5.534264564514160156e+00	9.860977530479431152e-01
4.880760192871093750e+00	1.090573668479919434e+00
7.037943840026855469e+00	2.294032573699951172e+00
7.325121879577636719e+00	2.768470048904418945e+00
4.835486412048339844e+00	-1.083852386474609375e+01
-2.920161247253417969e+00	7.771630764007568359e+00
7.599204063415527344e+00	-3.153681755065917969e+00
7.369204044342041016e+00	-3.463869571685791016e+00
8.322531700134277344e+00	-3.983156204223632812e+00
9.063834190368652344e+00	-2.063503265380859375e+00
1.005650997161865234e+01	-7.480188012123107910e-01
1.015945816040039062e+01	-5.071123242378234863e-01
-7.594788551330566406e+00	6.641898155212402344e+00
-7.878035545349121094e+00	7.054402351379394531e+00
7.250910282135009766e+00	-9.845155715942382812e+00
3.596035242080688477e+00	4.965069770812988281e+00
3.521421909332275391e+00	4.966212272644042969e+00
-6.943491458892822266e+00	6.984689712524414062e+00
7.596592426300048828e+00	-1.050229263305664062e+01
2.161029338836669922e+00	-9.004230499267578125e+00
8.636674880981445312e+00	-9.677237510681152344e+00
8.209776878356933594e+00	-1.052875137329101562e+01
8.788104057312011719e+00	-8.738190650939941406e+00
8.231455802917480469e+00	-8.635663032531738281e+00
9.849700927734375000e-01	-1.294259190559387207e+00
9.928991198539733887e-01	-1.303223967552185059e+00
-1.196033573150634766e+01	4.363961219787597656e+00
-1.196346473693847656e+01	3.357232332229614258e+00
-1.194311237335205078e+01	4.221568584442138672e+00
2.699034452438354492e+00	-8.198899269104003906e+00
4.060965538024902344e+00	-2.245479106903076172e+00
-4.444295883178710938e+00	-3.273917436599731445e+00
-2.812923669815063477e+00	-4.244962692260742188e+00
4.440381050109863281e+00	-2.423800945281982422e+00
-8.414241790771484375e+00	3.793101549148559570e+00
-7.068950533866882324e-01	-1.063074970245361328e+01
1.146649646759033203e+01	-4.664766788482666016e+00
1.080969905853271484e+01	-7.478683471679687500e+00
1.129878234863281250e+01	-5.850800991058349609e+00
1.146818065643310547e+01	-7.749453544616699219e+00
1.180419349670410156e+01	-8.336649894714355469e+00
1.071901988983154297e+01	-1.065081596374511719e+01
-3.044958829879760742e+00	-8.086637496948242188e+00
2.413131713867187500e+00	-4.942084789276123047e+00
1.738237380981445312e+00	-4.413810729980468750e+00
6.851536035537719727e-01	-5.928167343139648438e+00
1.215802550315856934e+00	-4.174091815948486328e+00
-1.620983481407165527e-01	-6.450504302978515625e+00
1.199479326605796814e-01	-6.007678031921386719e+00
5.650362491607666016e+00	-8.960488319396972656e+00
4.941320896148681641e+00	-8.697198867797851562e+00
4.225769042968750000e+00	-1.048958301544189453e+01
4.723466396331787109e+00	-9.216166496276855469e+00
5.780885219573974609e+00	-1.100790596008300781e+01
2.717477083206176758e+00	-1.169378376007080078e+01
2.370867967605590820e+00	-1.176963996887207031e+01
-4.407318115234375000e+00	3.860885381698608398e+00
-4.898568153381347656e+00	2.491612672805786133e+00
-4.718246936798095703e+00	3.066148757934570312e+00
-2.611913204193115234e+00	8.371881395578384399e-02
-4.779982089996337891e+00	1.970343947410583496e+00
-2.694791555404663086e+00	6.198474168777465820e-01
-2.545603513717651367e+00	1.139178395271301270e+00
-6.868962049484252930e-01	-1.009016323089599609e+01
-2.665426135063171387e-01	-9.829336166381835938e+00
-3.439107418060302734e+00	-7.723835945129394531e+00
-9.534880638122558594e+00	-1.409289956092834473e+00
-3.950688600540161133e+00	-7.568620204925537109e+00
-8.674402236938476562e+00	-4.556408882141113281e+00
-7.505652904510498047e+00	-4.789379596710205078e+00
-7.682440280914306641e+00	-4.728869915008544922e+00
-8.985411643981933594e+00	-2.673197031021118164e+00
-9.671503067016601562e+00	-1.926071882247924805e+00
-7.689014911651611328e+00	-9.200605750083923340e-01
-7.155788421630859375e+00	-9.078748822212219238e-01
-5.585212707519531250e+00	-2.078045368194580078e+00
-6.595110416412353516e+00	-8.948789834976196289e-01
8.204365730285644531e+00	-1.284434890747070312e+01
-4.599384784698486328e+00	-3.030812501907348633e+00
5.269883632659912109e+00	-1.285586071014404297e+01
5.229618549346923828e+00	-1.340745925903320312e+01
6.769193649291992188e+00	-1.281948184967041016e+01
6.787695407867431641e+00	-1.382798194885253906e+01
8.759034156799316406e+00	-1.243244457244873047e+01
9.435772895812988281e+00	-1.265265846252441406e+01
9.587741851806640625e+00	-1.374327850341796875e+01
-2.246088743209838867e+00	-2.089395761489868164e+00
-3.144221067428588867e+00	6.963719844818115234e+00
-2.832061767578125000e+00	7.258924484252929688e+00
-8.426518440246582031e+00	2.549765825271606445e+00
-8.432357788085937500e+00	2.991270780563354492e+00
1.038379192352294922e+01	-1.006411552429199219e+01
1.092914009094238281e+01	-9.556943893432617188e+00
