-4.258001708984375000e+01	-5.057264328002929688e+01
1.039033813476562500e+02	7.503943634033203125e+01
-2.142276573181152344e+01	-9.380789756774902344e+00
-2.014681577682495117e+00	-5.650868988037109375e+01
-3.527596282958984375e+01	-9.992301177978515625e+01
-3.602359390258789062e+01	1.118666915893554688e+02
-3.104619216918945312e+01	6.533143615722656250e+01
-4.656792640686035156e+00	2.779038238525390625e+01
1.345892333984375000e+02	3.078983497619628906e+01
1.296280975341796875e+02	-5.912321853637695312e+01
1.099234466552734375e+02	-1.182871818542480469e+01
8.208343505859375000e+01	2.641040420532226562e+01
3.928203201293945312e+01	-5.898753738403320312e+01
1.518139457702636719e+01	-1.058297576904296875e+02
-6.677150726318359375e+01	-1.411221218109130859e+01
8.224166870117187500e+01	-5.515739822387695312e+01
-8.573731994628906250e+01	7.025949859619140625e+01
-5.326336669921875000e+01	2.854112625122070312e+01
1.326022338867187500e+01	6.834484863281250000e+01
-1.040370941162109375e+02	8.357573699951171875e+01
-1.060547409057617188e+02	1.089883708953857422e+01
-9.190536499023437500e+01	-6.248716354370117188e+01
-1.094952011108398438e+02	-7.618055725097656250e+01
5.507807540893554688e+01	6.202397155761718750e+01
6.786991119384765625e+01	-1.039308853149414062e+02
6.179161071777343750e+01	-1.452174854278564453e+01
1.403973960876464844e+01	1.161530609130859375e+02
1.928865814208984375e+01	-1.723691749572753906e+01
6.374138259887695312e+01	1.101819381713867188e+02
3.631605148315429688e+01	2.224726104736328125e+01
