2.198637542724609375e+02	-1.481621456146240234e+01
-7.649232745170593262e-01	-1.110676193237304688e+02
-3.045612182617187500e+02	-1.220598907470703125e+02
-1.988826293945312500e+02	-2.096940002441406250e+02
-3.382922973632812500e+02	-1.286249694824218750e+02
8.103648376464843750e+01	1.060909652709960938e+02
-3.310072326660156250e+02	-9.477744293212890625e+01
3.076417350769042969e+01	-5.157622909545898438e+01
1.856537628173828125e+02	-7.728673553466796875e+01
-4.657628631591796875e+01	-1.522006225585937500e+02
-3.546358947753906250e+02	-5.850556182861328125e+01
2.808304443359375000e+02	5.165005874633789062e+01
-1.107995376586914062e+02	-1.510648345947265625e+02
-1.889467811584472656e+01	-1.743735351562500000e+02
-4.833654403686523438e+01	-1.952018127441406250e+02
2.187125854492187500e+02	9.864513397216796875e+01
-1.697199859619140625e+02	-1.409104309082031250e+02
1.066412506103515625e+02	7.568193817138671875e+01
5.984667587280273438e+01	7.971434783935546875e+01
1.829528198242187500e+02	1.831975746154785156e+01
6.561508941650390625e+01	-6.419603729248046875e+01
1.554006347656250000e+02	4.511051559448242188e+01
2.037205810546875000e+02	4.688124465942382812e+01
5.574616622924804688e+01	-1.352115173339843750e+02
6.391290283203125000e+01	-1.640597686767578125e+02
3.565397644042968750e+01	1.149088623046875000e+03
-3.009465942382812500e+02	1.104982757568359375e+01
-5.836280517578125000e+02	-2.429221435546875000e+03
5.110019683837890625e+01	-2.287896919250488281e+01
2.811588134765625000e+02	2.070296669006347656e+01
-5.263118362426757812e+01	-6.559808349609375000e+01
-8.255395507812500000e+01	-1.882821273803710938e+01
8.314170837402343750e+00	1.346513671875000000e+02
5.375963592529296875e+01	1.840535430908203125e+02
1.244425125122070312e+02	1.472852172851562500e+02
9.031381225585937500e+01	1.707932434082031250e+02
1.735120391845703125e+02	8.604928588867187500e+01
-6.609426116943359375e+01	7.662282562255859375e+01
-2.317667579650878906e+01	3.899745941162109375e+01
-8.199420166015625000e+01	1.358346710205078125e+02
-1.326639842987060547e+01	-1.426353096961975098e+00
8.925326347351074219e+00	2.594734954833984375e+01
1.094007644653320312e+02	3.021819877624511719e+01
7.484642028808593750e+01	2.812754631042480469e+01
-2.269160156250000000e+02	2.381222724914550781e+01
-1.981700744628906250e+02	2.723697280883789062e+01
-1.993175125122070312e+01	1.125381698608398438e+02
8.760335922241210938e+00	9.239183044433593750e+01
-9.464976501464843750e+01	6.357575607299804688e+01
-2.410265655517578125e+02	-5.610363388061523438e+01
-1.481801757812500000e+02	-6.942991638183593750e+01
-1.558818969726562500e+02	-4.064506912231445312e+01
-1.983246917724609375e+02	-6.999723052978515625e+01
-2.327106475830078125e+02	-8.948545837402343750e+01
1.715929107666015625e+02	-3.402490615844726562e+01
-8.198101043701171875e+01	-7.125740814208984375e+01
1.493524169921875000e+02	-8.914311981201171875e+01
1.424653320312500000e+02	-7.849506855010986328e+00
1.325607910156250000e+02	-4.502557754516601562e+01
1.002349243164062500e+02	-2.335638236999511719e+01
-1.276676712036132812e+02	8.722066879272460938e+00
-1.956219482421875000e+02	1.147368621826171875e+02
-2.241285552978515625e+02	1.046056060791015625e+02
1.418627166748046875e+02	1.016519317626953125e+02
1.701201019287109375e+02	1.292363891601562500e+02
