7.632056427001953125e+01	3.746072769165039062e+01
-1.179059886932373047e+01	6.292720794677734375e+01
-6.291917419433593750e+01	1.265336151123046875e+02
-1.461852264404296875e+02	7.108193969726562500e+01
-6.402503967285156250e+01	1.067662963867187500e+02
4.548575592041015625e+01	-3.419101715087890625e+01
-8.307309722900390625e+01	1.153222656250000000e+02
3.056332778930664062e+01	-9.566670989990234375e+01
1.151604690551757812e+02	-7.113217926025390625e+01
1.575188350677490234e+01	4.983305740356445312e+01
-9.898384094238281250e+01	1.358966064453125000e+02
-4.426580905914306641e+00	6.318589687347412109e+00
-5.031726455688476562e+01	5.954909896850585938e+01
3.638005065917968750e+01	5.462433242797851562e+01
2.373565483093261719e+01	7.273025512695312500e+01
6.737686920166015625e+01	-1.933232116699218750e+01
-1.436279144287109375e+02	3.804669189453125000e+01
5.108182907104492188e+01	-5.454310226440429688e+01
2.924819755554199219e+01	-4.844030380249023438e+01
8.953050994873046875e+01	-1.160134315490722656e+01
5.446132278442382812e+01	-9.503969573974609375e+01
1.094418411254882812e+02	-2.209522438049316406e+01
1.316080322265625000e+02	-2.228000259399414062e+01
-3.089368820190429688e+01	1.944087028503417969e+01
-2.245295143127441406e+01	3.520285034179687500e+01
-1.216682510375976562e+02	8.211328887939453125e+01
-9.525107574462890625e+01	6.901832580566406250e+01
-1.159378204345703125e+02	7.255677795410156250e+01
3.677434158325195312e+01	-7.554737854003906250e+01
4.536873817443847656e+00	2.180838584899902344e+01
-5.568836212158203125e+01	-5.979675292968750000e+01
-5.711756515502929688e+01	-2.577912902832031250e+01
2.339707136154174805e+00	-2.380373954772949219e+01
3.010077667236328125e+01	1.996289253234863281e+01
6.483784484863281250e+01	4.461155891418457031e+00
5.087767410278320312e+01	2.076753425598144531e+01
1.069927291870117188e+02	2.497068786621093750e+01
-2.319892311096191406e+01	-3.151149559020996094e+01
4.019722461700439453e+00	-5.580062484741210938e+01
-2.893233299255371094e+01	-8.414638519287109375e+01
1.205460309982299805e+00	-7.873868560791015625e+01
-1.515827751159667969e+01	-6.197003173828125000e+01
6.792281341552734375e+01	-6.991362762451171875e+01
4.625391387939453125e+01	-1.148553085327148438e+01
-9.383600616455078125e+01	3.202906799316406250e+01
-7.771639251708984375e+01	3.736570358276367188e+01
2.117968177795410156e+01	-2.570601272583007812e+01
2.015706634521484375e+01	-6.353592872619628906e+00
-2.581509208679199219e+01	-1.302641773223876953e+01
-1.221707153320312500e+02	1.635929489135742188e+01
-9.158453369140625000e+01	-2.395803642272949219e+01
-8.402601623535156250e+01	-7.856422901153564453e+00
-1.115177688598632812e+02	-4.489552497863769531e+00
-1.353756866455078125e+02	1.711496949195861816e+00
1.102476501464843750e+02	-4.748315048217773438e+01
-7.222585296630859375e+01	-5.266016006469726562e+01
9.262035369873046875e+01	-8.130306243896484375e+01
8.855911254882812500e+01	-5.610832214355468750e+01
8.989021301269531250e+01	-3.489566802978515625e+01
6.982092285156250000e+01	-4.223659515380859375e+01
-5.920156097412109375e+01	6.853007793426513672e+00
-1.252260055541992188e+02	-4.627680206298828125e+01
-1.390422821044921875e+02	-3.416680145263671875e+01
1.107167434692382812e+02	2.451977491378784180e+00
8.650617980957031250e+01	1.147794914245605469e+01
