-1.731424927711486816e+00	-4.984396934509277344e+00
3.038787603378295898e+00	6.380394101142883301e-02
-1.397154045104980469e+01	-1.755473899841308594e+01
-2.530793762207031250e+01	-8.685231208801269531e+00
1.632250022888183594e+01	6.084342956542968750e+00
-1.929888153076171875e+01	-2.676954269409179688e+01
6.855724334716796875e+01	2.947791481018066406e+01
6.630465698242187500e+01	2.316951751708984375e+01
7.331355285644531250e+01	3.369247055053710938e+01
-5.438058090209960938e+01	-3.183035278320312500e+01
6.332207202911376953e+00	-5.534764480590820312e+01
8.186429595947265625e+01	4.821475982666015625e+01
1.696272015571594238e+00	-5.853153610229492188e+01
7.608483123779296875e+01	5.146231842041015625e+01
8.172539520263671875e+01	5.482096862792968750e+01
5.517352294921875000e+01	-5.009405136108398438e+00
5.092119598388671875e+01	-8.585785627365112305e-01
-5.641573905944824219e+00	3.868541479110717773e+00
-1.530325222015380859e+01	4.707252502441406250e+00
3.756120300292968750e+01	3.149367713928222656e+01
-3.784425735473632812e+01	-1.966881752014160156e+01
1.125255680084228516e+01	-3.087733983993530273e+00
1.608935356140136719e+01	-1.374355316162109375e+01
4.262940216064453125e+01	9.676885604858398438e+00
2.970521926879882812e+01	8.526650428771972656e+00
2.713313865661621094e+01	1.324460315704345703e+01
5.838059997558593750e+01	4.287753677368164062e+01
6.800546169281005859e+00	-1.236933517456054688e+01
5.602844619750976562e+01	3.656002044677734375e+01
5.123422241210937500e+01	4.012216567993164062e+01
1.734859085083007812e+01	-2.817111778259277344e+01
-2.411308097839355469e+01	3.347734808921813965e-01
-9.760869026184082031e+00	-1.043903064727783203e+01
-4.103712844848632812e+01	-1.040825271606445312e+01
-6.141941070556640625e+01	-4.970684528350830078e+00
-5.501050949096679688e+01	-7.362945556640625000e+00
-3.932001495361328125e+01	-3.230900573730468750e+01
3.073827981948852539e+00	-3.890481567382812500e+01
1.288171482086181641e+01	2.051417350769042969e+01
3.652344512939453125e+01	-2.724752998352050781e+01
-1.848015594482421875e+01	-5.054669570922851562e+01
2.993852996826171875e+01	-2.964692878723144531e+01
4.162107849121093750e+01	-3.123011589050292969e+01
5.013582229614257812e+01	2.212276458740234375e+01
-9.518604278564453125e+00	-3.518364715576171875e+01
-7.890118598937988281e+00	-2.612442970275878906e+01
-2.357518768310546875e+01	-1.686928749084472656e+01
5.902526378631591797e+00	-2.287613677978515625e+01
-2.309544563293457031e+00	-1.420776176452636719e+01
-3.408123779296875000e+01	2.179247474670410156e+01
-2.931112480163574219e+01	-2.293723487854003906e+01
-1.726416206359863281e+01	-4.139122009277343750e+00
-4.239131546020507812e+01	3.519692271947860718e-02
6.110747814178466797e+00	1.005334281921386719e+01
4.098948669433593750e+01	2.154758453369140625e+01
-4.634744644165039062e+01	1.176663875579833984e+01
-1.022783517837524414e+00	2.413230895996093750e+01
-1.945845603942871094e+01	1.445747566223144531e+01
-3.144151115417480469e+01	-3.112709522247314453e+00
3.430218505859375000e+01	-4.522696018218994141e+00
2.867560195922851562e+01	2.338005447387695312e+01
-3.060012817382812500e+01	8.035291671752929688e+00
2.524182701110839844e+01	-5.203417778015136719e+00
-2.782150268554687500e+01	-3.619358062744140625e+01
-2.079483604431152344e+01	2.898657035827636719e+01
1.580446434020996094e+01	2.683581924438476562e+01
-3.559499359130859375e+01	-9.988767623901367188e+00
-9.694608688354492188e+00	-3.429024219512939453e+00
-3.040702819824218750e+01	-1.409270572662353516e+01
3.590288925170898438e+01	1.691884613037109375e+01
-4.790810012817382812e+01	-2.023890495300292969e+01
-5.400121212005615234e+00	1.352436637878417969e+01
-1.821720314025878906e+01	-1.108378791809082031e+01
