2.062704086303710938e+01	1.213262462615966797e+01
2.146310806274414062e+01	-6.513197422027587891e+00
3.718079757690429688e+01	7.252203226089477539e-01
1.211930370330810547e+01	6.866448974609375000e+01
7.722095489501953125e+01	1.391823387145996094e+01
-3.552743148803710938e+01	3.068658828735351562e+01
-4.571506118774414062e+01	4.640365600585937500e+01
-1.133266353607177734e+01	5.694457244873046875e+01
-6.063924789428710938e+00	1.197339153289794922e+01
-2.865419769287109375e+01	-5.947569656372070312e+01
3.820166587829589844e+00	-2.558866977691650391e+00
-1.275816822052001953e+01	-9.605316162109375000e+00
2.896777153015136719e+01	-2.430281257629394531e+01
4.684278869628906250e+01	-1.639059257507324219e+01
-1.071074199676513672e+01	-3.260588455200195312e+01
-1.807606887817382812e+01	-3.887221527099609375e+01
-1.091460494995117188e+02	-3.348493957519531250e+01
-1.241020889282226562e+02	-4.902495574951171875e+01
3.957817077636718750e+01	6.754428100585937500e+01
-2.549596023559570312e+01	9.745261192321777344e+00
-2.038565874099731445e+00	-5.959729766845703125e+01
-1.021551361083984375e+02	-5.630384826660156250e+01
7.289904022216796875e+01	-8.593894004821777344e+00
5.604893493652343750e+01	4.359265804290771484e+00
-1.292407608032226562e+01	3.285973739624023438e+01
-7.729800415039062500e+01	-6.743112945556640625e+01
2.454345893859863281e+01	3.195039558410644531e+01
7.415863800048828125e+01	3.752270507812500000e+01
4.074510955810546875e+01	-4.204099655151367188e+01
8.465121269226074219e+00	-2.357072448730468750e+01
3.891014099121093750e+01	1.946382522583007812e+01
5.680562210083007812e+01	2.534671211242675781e+01
5.846973419189453125e+01	5.395793533325195312e+01
4.256860351562500000e+01	4.000522232055664062e+01
6.109985828399658203e+00	4.439566421508789062e+01
-4.664087295532226562e+01	-7.729940032958984375e+01
-3.351091766357421875e+01	-1.283362388610839844e+01
-5.757553863525390625e+01	1.800098419189453125e+01
-4.732846832275390625e+01	-1.395340859889984131e-01
-5.588357925415039062e+01	-1.638831901550292969e+01
1.693631172180175781e+01	-4.513725280761718750e+01
-7.332107543945312500e+01	-3.412847137451171875e+01
-8.500537109375000000e+01	-1.449959945678710938e+01
-7.583486938476562500e+01	1.781871318817138672e+00
-8.370636749267578125e+01	2.305349159240722656e+01
-9.777548980712890625e+01	3.896370887756347656e+00
7.484375953674316406e+00	2.513641738891601562e+01
6.377889251708984375e+01	-3.025366783142089844e+01
2.584422874450683594e+01	5.172649383544921875e+01
-5.662638854980468750e+01	-5.101993179321289062e+01
-4.438565826416015625e+01	-3.760687637329101562e+01
