-3.519653701782226562e+01	-6.898074340820312500e+01
-4.117166519165039062e+01	-1.241820602416992188e+02
-7.912320709228515625e+01	-1.367219696044921875e+02
1.032722854614257812e+02	4.306497192382812500e+01
-1.794319305419921875e+02	-1.072601089477539062e+02
-1.663268585205078125e+02	-4.573606491088867188e+01
-2.032511444091796875e+02	-1.114019851684570312e+02
-1.971513671875000000e+02	-2.739692115783691406e+01
-8.748864746093750000e+01	-1.696184234619140625e+02
-7.957743167877197266e+00	1.876051788330078125e+02
3.516003036499023438e+01	2.099364089965820312e+01
1.793175354003906250e+02	-1.725573921203613281e+01
-1.690533828735351562e+01	1.036287307739257812e+02
1.205385208129882812e+02	-8.764373779296875000e+01
1.643499946594238281e+01	-4.003921985626220703e+00
7.671894073486328125e+00	3.163528823852539062e+01
-3.734703445434570312e+01	3.635362243652343750e+01
-1.592370700836181641e+01	5.674724960327148438e+01
7.513831329345703125e+01	-3.478678512573242188e+01
-1.245080413818359375e+02	-8.653208160400390625e+01
-4.991390228271484375e+01	-1.820961189270019531e+01
-1.001915283203125000e+02	-7.234776306152343750e+01
3.639000701904296875e+01	1.750722961425781250e+02
3.555871582031250000e+01	2.005300292968750000e+02
-7.661414337158203125e+01	9.627146148681640625e+01
1.216162414550781250e+02	9.830743408203125000e+01
7.392112731933593750e+01	9.809250831604003906e+00
3.570087814331054688e+01	1.119320373535156250e+02
3.448331069946289062e+01	-3.513729476928710938e+01
1.877192687988281250e+01	-7.413053131103515625e+01
-4.589146137237548828e+00	-3.372240829467773438e+01
-1.318690299987792969e+01	5.115223407745361328e+00
5.847945022583007812e+01	3.996445083618164062e+01
-9.625601196289062500e+01	3.754458618164062500e+01
6.440914916992187500e+01	-7.932595825195312500e+01
6.731496429443359375e+01	7.760434722900390625e+01
-8.758831787109375000e+01	-1.598812770843505859e+01
4.690735244750976562e+01	-5.067917823791503906e+00
1.532659149169921875e+02	1.713548088073730469e+01
1.123344039916992188e+02	-1.545830249786376953e+01
2.759846115112304688e+01	6.183422851562500000e+01
