-6.903005123138427734e+00	-6.493446350097656250e+00
-5.556965827941894531e+00	-6.011154651641845703e+00
-4.541598320007324219e+00	-6.274922370910644531e+00
-8.596404075622558594e+00	-5.934626579284667969e+00
-9.490855216979980469e+00	-5.087407112121582031e+00
-8.626849174499511719e+00	-4.196808338165283203e+00
1.614645242691040039e+00	1.153111076354980469e+01
2.445925235748291016e+00	1.215869808197021484e+01
3.056085586547851562e+00	1.303335857391357422e+01
-6.289028167724609375e+00	-5.544056296348571777e-01
2.675688362121582031e+01	8.011304855346679688e+00
2.301284217834472656e+01	1.311652755737304688e+01
2.613358688354492188e+01	7.150308132171630859e+00
-6.084404468536376953e+00	6.435055255889892578e+00
2.727161407470703125e+01	6.477726459503173828e+00
-1.387778854370117188e+01	2.236453771591186523e+00
-1.488673686981201172e+01	-5.104180335998535156e+00
1.361055135726928711e+00	5.280791282653808594e+00
2.717749595642089844e+01	4.630254268646240234e+00
1.190115213394165039e+00	-7.844013214111328125e+00
1.442405700683593750e+01	-5.088335037231445312e+00
-4.160538315773010254e-01	2.157189130783081055e+00
1.404222011566162109e+01	-5.733728885650634766e+00
6.557943224906921387e-01	3.034837722778320312e+00
-4.412334561347961426e-01	3.443271875381469727e+00
7.759352326393127441e-01	6.259171962738037109e+00
1.589287877082824707e+00	7.019968986511230469e+00
-8.745635986328125000e+00	-1.051142787933349609e+01
1.287432289123535156e+01	1.708215713500976562e+01
-5.212715625762939453e+00	3.865710496902465820e+00
-5.502809047698974609e+00	2.911437034606933594e+00
-6.815821170806884766e+00	3.936524629592895508e+00
-4.981184959411621094e+00	6.434887409210205078e+00
-4.377299308776855469e+00	8.504142761230468750e+00
-4.073149204254150391e+00	9.111523628234863281e+00
2.161371231079101562e+01	7.824565410614013672e+00
2.273211860656738281e+01	7.909835815429687500e+00
-1.578333187103271484e+01	-1.023932170867919922e+01
8.514305114746093750e+00	-3.642104864120483398e+00
8.861076354980468750e+00	-2.976835489273071289e+00
2.196482467651367188e+01	6.500771522521972656e+00
-1.590868663787841797e+01	-8.852081298828125000e+00
-1.504396724700927734e+01	2.071370601654052734e+00
-1.714039611816406250e+01	-7.375392913818359375e+00
-1.722101974487304688e+01	-9.338056564331054688e+00
-1.818096542358398438e+01	-6.114831447601318359e+00
-1.896438789367675781e+01	-7.087540149688720703e+00
5.346629619598388672e+00	-6.868641376495361328e+00
4.943194866180419922e+00	-6.277308464050292969e+00
2.125291061401367188e+01	1.384121704101562500e+01
1.954850959777832031e+01	1.375061893463134766e+01
2.088242530822753906e+01	1.381057262420654297e+01
-1.377777385711669922e+01	1.088299274444580078e+00
2.830059826374053955e-01	-8.406110763549804688e+00
8.926228523254394531e+00	2.270001411437988281e+00
6.386741161346435547e+00	3.192783832550048828e+00
6.829687952995300293e-01	-9.374643325805664062e+00
2.191290473937988281e+01	1.959433078765869141e+00
-1.141248464584350586e+00	-2.343899488449096680e+00
-4.768856048583984375e+00	-7.418430447578430176e-01
-9.172228813171386719e+00	-7.259069681167602539e-01
-6.803290367126464844e+00	-1.343067288398742676e+00
-9.340047836303710938e+00	5.726655721664428711e-01
-1.055666065216064453e+01	5.178185105323791504e-01
-1.778250122070312500e+01	-2.074832201004028320e+00
2.628768682479858398e+00	-1.828816771507263184e+00
-1.181216049194335938e+01	5.847944736480712891e+00
-1.219600963592529297e+01	7.031555175781250000e+00
-1.007688617706298828e+01	9.069256782531738281e+00
-1.278318881988525391e+01	7.976529121398925781e+00
-9.333485603332519531e+00	1.077629280090332031e+01
-1.026055049896240234e+01	1.019566154479980469e+01
-1.217628192901611328e+01	-1.103740978240966797e+01
-1.209030818939208984e+01	-1.229658699035644531e+01
-8.787177085876464844e+00	-1.176237297058105469e+01
-1.093666934967041016e+01	-1.253060150146484375e+01
-9.622623443603515625e+00	-9.497654914855957031e+00
-5.918716430664062500e+00	-1.079573345184326172e+01
-4.997754573822021484e+00	-1.094048023223876953e+01
1.599706745147705078e+01	1.017236804962158203e+01
1.372351264953613281e+01	1.097353935241699219e+01
1.457174491882324219e+01	1.018449878692626953e+01
8.522302627563476562e+00	9.047854423522949219e+00
1.270977020263671875e+01	1.046222591400146484e+01
9.078669548034667969e+00	9.926133155822753906e+00
8.983780860900878906e+00	1.101343917846679688e+01
-6.317163109779357910e-01	-3.307223558425903320e+00
-1.619066715240478516e+00	-3.798747539520263672e+00
3.249372720718383789e+00	-9.140474200248718262e-01
1.666952896118164062e+01	4.681811332702636719e+00
4.285451412200927734e+00	-1.254449009895324707e+00
1.556147956848144531e+01	-5.017244443297386169e-02
1.331549358367919922e+01	3.472307920455932617e-01
1.410374164581298828e+01	2.071903347969055176e-01
1.575797462463378906e+01	2.707706689834594727e+00
1.706209182739257812e+01	3.607059001922607422e+00
1.428148841857910156e+01	5.494400978088378906e+00
1.331447029113769531e+01	4.896500110626220703e+00
1.088599967956542969e+01	3.977648019790649414e+00
1.243292045593261719e+01	5.685715675354003906e+00
-1.393650531768798828e+01	-6.743832111358642578e+00
9.319753646850585938e+00	3.027570247650146484e+00
-1.293499946594238281e+01	-2.087419509887695312e+00
-1.214635181427001953e+01	-2.777903318405151367e+00
-1.295956325531005859e+01	-4.478502750396728516e+00
-1.427709484100341797e+01	-4.115779399871826172e+00
-1.265714263916015625e+01	-6.635495662689208984e+00
-1.281687450408935547e+01	-7.920944690704345703e+00
-1.117650032043457031e+01	-7.344457626342773438e+00
6.872126579284667969e+00	6.091180324554443359e+00
1.373951053619384766e+01	1.583044910430908203e+01
1.265355396270751953e+01	1.596574306488037109e+01
2.095101356506347656e+01	-9.560638666152954102e-02
2.134311103820800781e+01	7.692353725433349609e-01
-1.665657234191894531e+01	-2.561568737030029297e+00
-1.605734252929687500e+01	-1.355723500251770020e+00
