5.169961547851562500e+01	-5.280535507202148438e+01
-2.048204231262207031e+01	-8.014182281494140625e+01
-7.580016613006591797e+00	3.338949966430664062e+01
5.075095748901367188e+01	-2.674755287170410156e+01
-3.475116729736328125e+01	3.552335500717163086e+00
-2.604429054260253906e+01	2.916558074951171875e+01
-4.269309616088867188e+01	8.417675018310546875e+00
-3.034945678710937500e+01	4.693744277954101562e+01
9.422174453735351562e+00	4.142749786376953125e+01
-4.606746673583984375e+01	-5.103282165527343750e+01
8.526665687561035156e+00	-6.106674575805664062e+01
-4.582064819335937500e+01	-2.024291038513183594e+01
3.443695449829101562e+01	-5.454272460937500000e+01
2.563426399230957031e+01	6.676498889923095703e+00
2.023947715759277344e+01	-2.652124786376953125e+01
2.604339599609375000e+01	-3.915842819213867188e+01
-6.262153148651123047e+00	-6.051799011230468750e+01
2.628700256347656250e+00	-4.707192611694335938e+01
8.798586845397949219e+00	-6.130660533905029297e+00
5.592502593994140625e+01	-7.253898143768310547e+00
-1.629062843322753906e+01	-2.732219505310058594e+01
-3.022817611694335938e+01	-3.697008514404296875e+01
-7.840959072113037109e+00	3.553424119949340820e+00
6.678616523742675781e+00	1.198576641082763672e+01
-2.311448860168457031e+01	-5.584524917602539062e+01
3.856437683105468750e+01	-7.754554748535156250e+01
-1.120324134826660156e+01	-4.302464294433593750e+01
7.320865631103515625e+01	-3.885422134399414062e+01
4.016310501098632812e+01	-3.932320785522460938e+01
2.221544075012207031e+01	-1.232195758819580078e+01
3.414266204833984375e+01	-2.474580383300781250e+01
7.788269519805908203e+00	-2.124504089355468750e+01
2.297939872741699219e+01	-6.500165557861328125e+01
8.792686462402343750e+00	-8.159884643554687500e+01
3.741355514526367188e+01	-9.076741218566894531e+00
-2.138505697250366211e+00	-3.131569480895996094e+01
3.957324600219726562e+01	2.341482543945312500e+01
1.773634719848632812e+01	-4.947768783569335938e+01
-2.265111923217773438e+01	-1.334091567993164062e+01
-5.501468181610107422e+00	-1.464193820953369141e+01
1.108337116241455078e+01	-3.636494827270507812e+01
