3.272104644775390625e+01	-1.722895240783691406e+01
1.114914321899414062e+02	-4.855572128295898438e+01
1.395545959472656250e+02	-5.326455688476562500e+01
-6.624542999267578125e+01	3.302737808227539062e+01
-1.008166656494140625e+02	2.653593444824218750e+01
1.756703491210937500e+02	-8.213821411132812500e+01
-1.078416900634765625e+02	-6.981714725494384766e+00
1.487468872070312500e+02	-9.424230194091796875e+01
1.733501586914062500e+02	-3.524690628051757812e+01
8.111021423339843750e+01	-7.998835754394531250e+01
-4.279126739501953125e+01	5.310345172882080078e+00
1.058640823364257812e+02	4.776968002319335938e+01
2.963636159896850586e+00	-2.888652420043945312e+01
3.747700881958007812e+01	1.350781154632568359e+01
-2.120309257507324219e+01	-1.308958530426025391e+01
-2.731684875488281250e+01	-4.220510864257812500e+01
-8.883172869682312012e-01	9.286054229736328125e+01
-5.538378143310546875e+01	-5.670903396606445312e+01
-4.211367034912109375e+01	8.012712860107421875e+01
-8.261218261718750000e+01	6.276670455932617188e+01
3.160453033447265625e+01	-4.594757461547851562e+01
4.084844589233398438e+01	-7.622044372558593750e+01
2.772703468799591064e-01	-9.690060424804687500e+01
3.589585113525390625e+01	-1.089041595458984375e+02
-3.999016952514648438e+01	-9.253564453125000000e+01
-8.690262603759765625e+01	-4.126736450195312500e+01
1.147299671173095703e+01	2.865683364868164062e+01
6.331290817260742188e+01	-1.161148262023925781e+01
-7.144156646728515625e+01	-2.954879999160766602e+00
-4.994525527954101562e+01	-2.326616287231445312e+01
-3.597348022460937500e+01	3.179962348937988281e+01
1.701461029052734375e+01	6.154676055908203125e+01
-1.117268562316894531e+01	4.591708755493164062e+01
1.098271408081054688e+02	-1.946482419967651367e+00
7.451312541961669922e+00	-6.543148159980773926e-01
4.884187698364257812e+01	4.394805908203125000e+01
7.717528533935546875e+01	1.847591400146484375e+01
-3.693745803833007812e+01	6.521724700927734375e+01
6.684164428710937500e+01	-4.211689758300781250e+01
-1.341758608818054199e+00	-5.897399520874023438e+01
-1.463877201080322266e+01	1.426308631896972656e+01
