2.720078086853027344e+01	-5.186401748657226562e+01
1.187335128784179688e+02	-1.124714584350585938e+02
1.504078216552734375e+02	-1.360055084228515625e+02
-9.089998626708984375e+01	7.744865417480468750e+01
-3.991914749145507812e+01	-1.039057388305664062e+02
2.071795959472656250e+02	-9.901179504394531250e+01
-7.635255432128906250e+01	-1.122364501953125000e+02
1.974847564697265625e+02	-6.351467895507812500e+01
2.321398620605468750e+02	-7.264955139160156250e+01
1.188671264648437500e+02	-6.108874893188476562e+01
-6.635638713836669922e+00	-2.827755737304687500e+01
8.545456695556640625e+01	1.573886413574218750e+02
1.374382686614990234e+01	1.598917675018310547e+01
5.405990219116210938e+01	3.041423225402832031e+01
-3.502912521362304688e+01	-5.460910034179687500e+01
-5.367709350585937500e+01	5.703859329223632812e+01
-6.132629776000976562e+01	1.160419921875000000e+02
-1.253162536621093750e+02	4.750085067749023438e+01
-1.387197570800781250e+02	-9.181094169616699219e+00
1.255337524414062500e+01	1.169510040283203125e+02
8.983540344238281250e+01	1.249303102493286133e+00
5.591908645629882812e+01	-9.043459320068359375e+01
1.227461395263671875e+02	4.327719497680664062e+01
2.018368911743164062e+01	-1.085132980346679688e+02
-1.376885375976562500e+02	1.113436279296875000e+02
-1.268369369506835938e+02	-6.825640869140625000e+01
-8.429164123535156250e+01	2.903472709655761719e+01
7.450973510742187500e+01	7.686189270019531250e+01
2.083559799194335938e+01	5.692909240722656250e+01
-1.988554573059082031e+01	3.313151359558105469e+00
-1.887242507934570312e+01	3.862808990478515625e+01
-7.964752960205078125e+01	-4.982971191406250000e+01
-8.044875335693359375e+01	-8.136322021484375000e+00
6.229973983764648438e+01	-1.550028839111328125e+02
-4.731534576416015625e+01	-2.040150070190429688e+01
-1.286764240264892578e+01	7.917768859863281250e+01
1.293060150146484375e+02	-4.272894859313964844e+00
-1.174747314453125000e+02	-5.521670341491699219e+00
7.474269104003906250e+01	-4.418624496459960938e+01
3.660693740844726562e+01	-1.267419815063476562e+01
-5.006431579589843750e+01	1.787478446960449219e+01
