-1.676399040222167969e+01	-6.338022232055664062e+01
-7.949984550476074219e+00	-5.011539840698242188e+01
2.758704662322998047e+00	-5.888941192626953125e+01
-3.274252700805664062e+01	-6.092287063598632812e+01
-2.782549095153808594e+01	-4.823249816894531250e+01
5.245825958251953125e+01	2.225878906250000000e+01
6.330725860595703125e+01	2.072867012023925781e+01
-1.731486129760742188e+01	-2.951651573181152344e+01
-8.435283660888671875e+00	2.736240577697753906e+01
2.483141326904296875e+01	4.060022354125976562e+01
2.543540239334106445e+00	1.946544265747070312e+01
6.334971427917480469e+00	3.282795715332031250e+01
1.847786331176757812e+01	-2.793445968627929688e+01
6.701487541198730469e+00	-3.107406616210937500e+01
3.814079666137695312e+01	-1.356381130218505859e+01
4.663518524169921875e+01	-1.002393817901611328e+01
8.991595458984375000e+01	7.460363006591796875e+01
1.010710067749023438e+02	8.135221099853515625e+01
-3.649129104614257812e+01	-3.476119232177734375e+01
4.932898330688476562e+01	-4.327161026000976562e+01
5.794094085693359375e+01	-3.560025405883789062e+01
8.732564544677734375e+01	8.929205322265625000e+01
-6.389419174194335938e+01	-3.238620758056640625e+01
-5.068448638916015625e+01	-3.109428977966308594e+01
-1.614975357055664062e+01	3.688865184783935547e+00
5.764491271972656250e+01	8.055609130859375000e+01
-1.899818420410156250e+01	-1.504693222045898438e+01
-3.094091033935546875e+01	-1.578215408325195312e+01
3.889301046729087830e-02	-9.960612297058105469e+00
1.081672573089599609e+01	-4.341819763183593750e+00
-5.721174240112304688e+01	-5.293253660202026367e-01
-6.845358276367187500e+01	-1.126311016082763672e+01
-4.939707946777343750e+01	-1.450034046173095703e+01
-3.932100296020507812e+01	4.750944614410400391e+00
-3.750010681152343750e+01	1.776348114013671875e+01
-2.774513053894042969e+01	5.662752532958984375e+01
-5.462313175201416016e+00	6.516697692871093750e+01
1.168911361694335938e+01	6.586254119873046875e+01
-9.707868099212646484e-01	7.682322692871093750e+01
-1.034698581695556641e+01	8.491381835937500000e+01
2.368849945068359375e+01	1.357967948913574219e+01
3.431708526611328125e+01	7.454992675781250000e+01
4.320431137084960938e+01	1.004798355102539062e+02
3.522451782226562500e+01	1.106028213500976562e+02
1.797196769714355469e+01	1.101199264526367188e+02
2.799467658996582031e+01	9.904369354248046875e+01
-6.448754882812500000e+01	-5.201799774169921875e+01
-5.075482940673828125e+01	-4.973075485229492188e+01
-5.235243225097656250e+01	-6.472749328613281250e+01
6.214089202880859375e+01	5.640458297729492188e+01
5.183409881591796875e+01	5.254847335815429688e+01
