-2.818166923522949219e+01	-1.942551732063293457e+00
-2.788294029235839844e+01	-4.161134243011474609e+00
-2.720248794555664062e+01	-5.829767227172851562e+00
-2.820262527465820312e+01	1.335036754608154297e+00
-3.014111900329589844e+01	1.170396208763122559e+00
-3.069699668884277344e+01	3.050954580307006836e+00
3.257910251617431641e+00	-1.813031578063964844e+01
4.955531120300292969e+00	-1.863311958312988281e+01
5.869581222534179688e+00	-2.019952011108398438e+01
-1.476679897308349609e+01	2.005211830139160156e+01
3.620752334594726562e+01	-1.403394412994384766e+01
3.655039596557617188e+01	-4.804908037185668945e-01
3.521918487548828125e+01	-1.555157375335693359e+01
-1.742243194580078125e+01	-6.923105239868164062e+00
3.716941833496093750e+01	-1.639508628845214844e+01
-9.776317596435546875e+00	7.016273140907287598e-01
-2.106374931335449219e+01	5.028732776641845703e+00
-4.539440631866455078e+00	-1.359572601318359375e+01
3.998086166381835938e+01	-1.632502937316894531e+01
-2.279307603836059570e+00	-3.950942993164062500e+00
2.684741401672363281e+01	-7.821395397186279297e-01
-9.473003387451171875e+00	-1.610665321350097656e+01
2.778100776672363281e+01	3.904531896114349365e-01
-7.587671279907226562e+00	-1.514043426513671875e+01
-7.511095523834228516e+00	-1.717346763610839844e+01
-2.907796144485473633e+00	-1.455918216705322266e+01
-1.840671181678771973e+00	-1.300071620941162109e+01
-1.454340362548828125e+01	9.245713233947753906e+00
3.051586723327636719e+01	-8.086080551147460938e+00
-1.193405246734619141e+01	-6.992883205413818359e+00
-1.259538841247558594e+01	-8.607209205627441406e+00
-1.410827445983886719e+01	-6.241581916809082031e+00
-1.661125755310058594e+01	-8.605964660644531250e+00
5.913386821746826172e+00	8.435496330261230469e+00
7.120190143585205078e+00	8.848032951354980469e+00
4.013137435913085938e+01	-7.772991657257080078e+00
3.996736145019531250e+01	-9.614061355590820312e+00
-2.552417945861816406e+01	5.951409339904785156e+00
1.228611564636230469e+01	1.389982223510742188e+01
1.290424060821533203e+01	1.256992053985595703e+01
3.798015975952148438e+01	-8.032458305358886719e+00
-2.528027534484863281e+01	8.085846900939941406e+00
-1.156729412078857422e+01	5.404436960816383362e-02
-2.719545364379882812e+01	1.019698619842529297e+01
-2.740185165405273438e+01	7.499947547912597656e+00
-2.959216690063476562e+01	1.097861003875732422e+01
-2.845266342163085938e+01	1.260097503662109375e+01
3.262961149215698242e+00	-8.171185493469238281e+00
3.321754217147827148e+00	-6.725315570831298828e+00
3.841663742065429688e+01	1.701068997383117676e+00
3.757855987548828125e+01	4.650152683258056641e+00
3.798097991943359375e+01	2.693735837936401367e+00
-1.067704200744628906e+01	2.380362033843994141e+00
-3.226667881011962891e+00	-5.532402038574218750e+00
1.139096164703369141e+01	-1.258468914031982422e+01
1.008196353912353516e+01	-8.494366645812988281e+00
-4.719074726104736328e+00	-4.522056579589843750e+00
3.121405220031738281e+01	6.528579235076904297e+00
-3.520734071731567383e+00	2.867011547088623047e+00
-1.294833183288574219e+01	2.174865341186523438e+01
-1.860387992858886719e+01	1.792049407958984375e+01
-1.603373718261718750e+01	2.118916702270507812e+01
-2.020099449157714844e+01	1.919931793212890625e+01
-2.155065536499023438e+01	1.776932144165039062e+01
-2.131363868713378906e+01	1.148790931701660156e+01
3.101096630096435547e+00	1.683365702629089355e+00
-5.403415679931640625e+00	1.837182617187500000e+01
-3.505368709564208984e+00	1.894335937500000000e+01
-2.311800241470336914e+00	1.466612243652343750e+01
-1.651590704917907715e+00	1.911771774291992188e+01
-2.669364809989929199e-01	1.290188121795654297e+01
-2.134007692337036133e+00	1.280093097686767578e+01
-1.462509536743164062e+01	1.350597572326660156e+01
-1.278643989562988281e+01	1.434985351562500000e+01
-1.264402866363525391e+01	9.616528511047363281e+00
-1.196436023712158203e+01	1.269078350067138672e+01
-1.666215705871582031e+01	9.502307891845703125e+00
-9.038876533508300781e+00	8.092951774597167969e+00
-7.514094352722167969e+00	8.464440345764160156e+00
2.195242309570312500e+01	2.246521472930908203e+00
2.025169563293457031e+01	5.576357841491699219e+00
2.027141952514648438e+01	3.621536970138549805e+00
1.286099624633789062e+01	1.938385963439941406e+00
1.829613494873046875e+01	5.538725852966308594e+00
1.453676891326904297e+01	1.348586201667785645e+00
1.539720916748046875e+01	-2.229052633047103882e-01
-1.809059262275695801e+00	3.522598981857299805e+00
-2.685952186584472656e+00	5.166951179504394531e+00
3.963651418685913086e+00	2.936470322310924530e-03
2.347269248962402344e+01	-1.277007484436035156e+01
5.674520492553710938e+00	7.928140163421630859e-01
2.071428108215332031e+01	-5.370255470275878906e+00
1.812178802490234375e+01	-7.438785076141357422e+00
1.841419410705566406e+01	-5.915764808654785156e+00
2.151601409912109375e+01	-9.870934486389160156e+00
2.372729301452636719e+01	-1.088959693908691406e+01
2.018614768981933594e+01	-1.457580375671386719e+01
1.975913619995117188e+01	-1.643511962890625000e+01
1.519042110443115234e+01	-1.391325283050537109e+01
1.778237915039062500e+01	-1.623245811462402344e+01
-2.065215873718261719e+01	1.908337116241455078e+00
1.292182159423828125e+01	-1.226598930358886719e+01
-1.556685924530029297e+01	2.440618515014648438e+00
-1.549735736846923828e+01	4.164721488952636719e+00
-1.843118667602539062e+01	4.175477027893066406e+00
-1.942958831787109375e+01	6.076238155364990234e+00
-2.251107215881347656e+01	1.208310365676879883e+00
-2.153435707092285156e+01	-5.418114066123962402e-01
-1.898718833923339844e+01	-1.346768260002136230e+00
1.082160949707031250e+01	-4.253543853759765625e+00
3.088877868652343750e+01	-5.684211730957031250e+00
2.928925132751464844e+01	-6.588459014892578125e+00
2.832199859619140625e+01	8.792078018188476562e+00
2.960241127014160156e+01	7.755992889404296875e+00
-2.251218032836914062e+01	1.301134395599365234e+01
-2.072476959228515625e+01	1.405554771423339844e+01
