-5.961897583007812500e+02	-4.204801635742187500e+02
-6.254021606445312500e+02	-3.636690673828125000e+02
3.677317504882812500e+02	2.328478088378906250e+02
2.389913482666015625e+02	-1.145526218414306641e+01
1.281499633789062500e+02	4.223750686645507812e+01
-2.639852905273437500e+01	-1.861347351074218750e+02
8.691788482666015625e+01	-5.889326782226562500e+02
2.791634521484375000e+02	1.252384033203125000e+02
-2.908280944824218750e+02	-1.509824752807617188e+01
2.253126525878906250e+02	-1.576098327636718750e+02
-1.252361907958984375e+02	-3.054040222167968750e+02
-1.630595703125000000e+02	-3.977315979003906250e+02
-5.607426147460937500e+02	3.574311218261718750e+02
-5.256830215454101562e+01	7.829219055175781250e+01
-4.464350585937500000e+02	3.054677734375000000e+02
-3.969155273437500000e+02	2.500221252441406250e+02
-1.214053039550781250e+02	2.598994445800781250e+02
2.742466354370117188e+01	-3.213770751953125000e+02
1.754057617187500000e+02	1.160496902465820312e+02
4.152028503417968750e+02	7.364687919616699219e-01
1.877183837890625000e+02	2.431060333251953125e+02
-1.441458587646484375e+02	-8.635910797119140625e+01
-1.212980651855468750e+02	-1.853539123535156250e+02
5.591383743286132812e+01	-5.437612152099609375e+01
6.922334289550781250e+01	9.706027984619140625e+01
-2.402436065673828125e+02	-2.125268402099609375e+02
2.575128784179687500e+02	3.946527404785156250e+02
1.924735069274902344e+01	2.122909698486328125e+02
1.189530944824218750e+02	1.655665435791015625e+02
6.635697937011718750e+01	3.680604248046875000e+02
