2.799639701843261719e+01	-9.604521751403808594e+00
4.952438735961914062e+01	2.271439743041992188e+01
-8.253887939453125000e+01	7.345690917968750000e+01
4.994653224945068359e+00	-7.466295623779296875e+01
-6.459948730468750000e+01	6.408811092376708984e+00
7.417742156982421875e+01	5.698397827148437500e+01
3.556924819946289062e+01	-4.708794021606445312e+01
-3.690451049804687500e+01	-1.949062728881835938e+01
6.317683792114257812e+01	-1.612048721313476562e+01
7.290441894531250000e+01	-6.297002410888671875e+01
-9.797234344482421875e+01	2.943965339660644531e+01
-7.097497558593750000e+01	-3.464412307739257812e+01
-1.826907277107238770e+00	-3.863588333129882812e+01
-3.957028579711914062e+01	8.943856811523437500e+01
-3.040171813964843750e+01	-1.217865829467773438e+02
-2.787662696838378906e+01	-1.028210220336914062e+02
-5.623497009277343750e+00	-4.442596435546875000e+00
-7.759918975830078125e+01	-7.473760223388671875e+01
-5.314199829101562500e+01	4.620224380493164062e+01
-1.068315963745117188e+02	-1.639168739318847656e+01
2.987716674804687500e+00	9.596222686767578125e+01
1.019331283569335938e+02	-2.757762527465820312e+01
4.821088409423828125e+01	9.372779846191406250e+01
2.828784370422363281e+01	5.788275909423828125e+01
-1.269377136230468750e+01	5.622243499755859375e+01
1.115644645690917969e+01	2.613950920104980469e+01
-2.833388519287109375e+01	2.080358314514160156e+01
-3.566468048095703125e+01	-5.835446166992187500e+01
4.035009002685546875e+01	-9.472877502441406250e+01
9.260498046875000000e+01	1.797679138183593750e+01
