7.708144187927246094e+00	9.045996856689453125e+01
6.306847763061523438e+01	1.905493316650390625e+02
8.142942810058593750e+01	2.212052001953125000e+02
-1.361541595458984375e+02	-1.274205780029296875e+02
-1.082289428710937500e+02	-1.751837158203125000e+02
1.693788299560546875e+02	2.459159088134765625e+02
-1.260896835327148438e+02	4.704311752319335938e+01
1.830086669921875000e+02	2.740001525878906250e+02
1.515954284667968750e+02	2.720436096191406250e+02
1.090963935852050781e+01	1.465536041259765625e+02
-4.480403518676757812e+01	-8.455524444580078125e+01
7.422054290771484375e+01	1.457556610107421875e+02
-9.330374717712402344e+00	3.725136566162109375e+01
6.179790115356445312e+01	-5.645425415039062500e+01
-8.430252075195312500e+01	-6.101940536499023438e+01
-1.265287017822265625e+02	-7.731359863281250000e+01
-2.193246154785156250e+02	-8.934455871582031250e+01
-1.888076629638671875e+02	-8.119321441650390625e+01
-1.329626159667968750e+02	-2.101929092407226562e+01
1.144687461853027344e+01	-1.561664390563964844e+01
1.350082092285156250e+02	8.482283782958984375e+01
1.556660156250000000e+02	-5.272579193115234375e+01
1.646252746582031250e+02	6.088726425170898438e+01
1.309053955078125000e+02	-3.411513900756835938e+01
1.641380004882812500e+02	-8.133779907226562500e+01
2.406035232543945312e+01	-1.445557098388671875e+02
-2.244204759597778320e+00	-1.100136642456054688e+02
-3.666837692260742188e+01	1.036923675537109375e+02
-4.945256805419921875e+01	-1.449540100097656250e+02
-7.650297546386718750e+01	-2.374559020996093750e+01
-3.438053894042968750e+01	-1.990205383300781250e+01
-1.832951965332031250e+02	6.297093033790588379e-01
-8.325509643554687500e+01	-9.596880340576171875e+01
7.811948394775390625e+01	5.190769195556640625e+01
-7.894673824310302734e+00	-6.110835266113281250e+01
4.318526458740234375e+01	3.740316390991210938e+01
1.359337768554687500e+02	1.121061630249023438e+02
-1.110735015869140625e+02	-3.579758453369140625e+01
4.890279388427734375e+01	1.126941070556640625e+02
-5.276273727416992188e+01	2.239309692382812500e+01
-4.915263366699218750e+01	-4.871155548095703125e+01
