-5.473289871215820312e+01	4.863891220092773438e+01
-1.602412261962890625e+02	5.441485214233398438e+01
-1.803783874511718750e+02	3.393606948852539062e+01
1.183598937988281250e+02	3.471390533447265625e+01
-2.936176490783691406e+01	-9.987967681884765625e+01
-1.958220825195312500e+02	-4.695857620239257812e+01
-5.218246459960937500e+01	-9.674231719970703125e+01
-2.024870147705078125e+02	-2.284548950195312500e+01
-2.200827636718750000e+02	-4.039640808105468750e+01
-7.452969360351562500e+01	8.439395141601562500e+01
4.343606567382812500e+01	2.060581779479980469e+01
-1.286437377929687500e+02	7.454815673828125000e+01
-2.427061843872070312e+01	-1.267777633666992188e+01
2.995128250122070312e+01	9.152853393554687500e+01
1.630308914184570312e+01	-2.832638359069824219e+01
6.405644989013671875e+01	-9.405135154724121094e+00
7.493259429931640625e+01	-9.565240478515625000e+01
5.395724105834960938e+01	-7.628931427001953125e+01
7.094300842285156250e+01	6.118630981445312500e+01
-3.823009490966796875e+00	-6.564529418945312500e+01
-9.097332000732421875e+01	2.412228775024414062e+01
-4.429272842407226562e+01	1.307096557617187500e+02
3.380801010131835938e+01	1.392258300781250000e+02
-1.596796607971191406e+01	1.296880493164062500e+02
-4.928747558593750000e+01	1.559011077880859375e+02
-6.053197860717773438e+00	6.751351928710937500e+01
2.040079307556152344e+01	4.843556976318359375e+01
-6.678808593750000000e+01	-2.990598106384277344e+01
8.028964233398437500e+01	-4.284983825683593750e+01
4.646893310546875000e+01	-3.282695388793945312e+01
4.567561149597167969e+00	-1.484533786773681641e+00
1.070491485595703125e+02	-1.003165912628173828e+01
3.474977874755859375e+01	-4.634290218353271484e+00
-1.120769729614257812e+02	-2.113280868530273438e+01
7.606951904296875000e+01	1.738891029357910156e+01
-5.636304092407226562e+01	8.525530815124511719e+00
-1.153448257446289062e+02	2.285621833801269531e+01
5.900374603271484375e+01	4.607564163208007812e+01
-9.623628997802734375e+01	5.907761383056640625e+01
-2.048208808898925781e+01	2.433807754516601562e+01
1.653531265258789062e+01	1.995011520385742188e+01
