7.747442626953125000e+01	5.359032440185546875e+01
1.051500091552734375e+02	1.663098907470703125e+02
1.103429718017578125e+02	2.016275787353515625e+02
4.064491271972656250e+00	-1.841627502441406250e+02
-1.127961273193359375e+02	1.680126953125000000e+02
1.273332214355468750e+02	3.084117431640625000e+02
-8.959677886962890625e+01	1.724967498779296875e+02
9.739208984375000000e+01	3.030688781738281250e+02
1.076622695922851562e+02	3.317454528808593750e+02
1.332722473144531250e+02	9.952375793457031250e+01
4.202118396759033203e+00	-1.166126556396484375e+02
8.038619232177734375e+01	1.307013092041015625e+02
4.102611160278320312e+01	-1.146021556854248047e+01
-1.936993408203125000e+01	-3.532747650146484375e+01
-6.551804351806640625e+01	-7.895135498046875000e+01
-1.337965545654296875e+02	-1.670794067382812500e+02
-1.999865417480468750e+02	-2.176401062011718750e+02
-1.787795867919921875e+02	-2.010810852050781250e+02
-8.135662078857421875e+01	-1.453279418945312500e+02
6.895164489746093750e+01	-1.289204864501953125e+02
2.264197082519531250e+02	2.840085411071777344e+01
-2.324849853515625000e+02	6.130039215087890625e+01
2.518975219726562500e+02	4.445129871368408203e+00
-2.031435241699218750e+02	6.427002716064453125e+01
-2.587216186523437500e+02	5.357195281982421875e+01
-7.193655395507812500e+01	4.631943130493164062e+01
-5.638699722290039062e+01	1.412467575073242188e+01
1.107114791870117188e+02	3.770924758911132812e+01
-1.484411773681640625e+02	-8.826587677001953125e+01
-1.107257537841796875e+02	-1.001352310180664062e+02
-9.624401092529296875e+00	-7.421944427490234375e+01
-5.855879211425781250e+01	-2.100025177001953125e+02
-3.423984146118164062e+01	-1.387060394287109375e+02
1.369229583740234375e+02	-4.389182281494140625e+01
-9.402289581298828125e+01	-3.601798629760742188e+01
9.882942199707031250e+01	-4.619950866699218750e+01
2.182604522705078125e+02	5.151723098754882812e+01
-6.399504470825195312e+01	-1.197107849121093750e+02
8.889019775390625000e+01	9.131390380859375000e+01
4.290623474121093750e+01	-8.624179077148437500e+01
-3.177910423278808594e+01	-9.661591339111328125e+01
