-2.373978614807128906e+01	3.089718933105468750e+02
-3.495103073120117188e+01	3.331342468261718750e+02
1.819498634338378906e+01	9.367707824707031250e+01
-3.102120590209960938e+01	6.743542480468750000e+01
-1.363339080810546875e+02	-3.359877395629882812e+01
5.056528472900390625e+01	6.295938110351562500e+01
-1.732041931152343750e+02	-1.767578277587890625e+02
-2.452737274169921875e+02	-1.161838073730468750e+02
-2.614860839843750000e+02	-1.708368530273437500e+02
2.806373901367187500e+02	2.044695472717285156e+01
3.127576904296875000e+02	-8.656035065650939941e-01
-2.615699462890625000e+02	-2.203864593505859375e+02
-6.723070526123046875e+01	2.002976379394531250e+02
-2.669947814941406250e+02	-2.591627502441406250e+02
-2.248509826660156250e+02	-1.726462249755859375e+02
-2.286795196533203125e+02	1.453221740722656250e+02
-1.213080139160156250e+02	-9.400466918945312500e+01
2.425494537353515625e+02	1.320063934326171875e+02
4.145244598388671875e+01	2.349044990539550781e+01
-2.065781784057617188e+01	-1.919575195312500000e+02
1.602209625244140625e+02	3.759626388549804688e+01
-1.438484191894531250e+02	5.136325454711914062e+01
-2.047850341796875000e+02	1.118229866027832031e+01
1.722930145263671875e+02	2.244015655517578125e+02
-7.951999664306640625e+01	-8.322897338867187500e+01
-5.908278656005859375e+01	-2.344831237792968750e+02
-3.405351638793945312e+01	-2.753366088867187500e+02
1.927009582519531250e+02	-1.366371307373046875e+02
9.601885223388671875e+01	3.137544860839843750e+02
-1.551595764160156250e+02	-1.337188262939453125e+02
-2.192381439208984375e+02	-5.057968902587890625e+01
1.173567104339599609e+01	4.756861114501953125e+01
1.165638351440429688e+02	-1.251897277832031250e+02
1.234936523437500000e+02	7.798222351074218750e+01
-1.049434890747070312e+02	1.034870529174804688e+02
-7.653916931152343750e+01	1.005754470825195312e+02
-1.533756256103515625e+02	2.445743103027343750e+02
-3.568716735839843750e+02	4.645247268676757812e+01
-5.372851181030273438e+01	-3.458356857299804688e+01
-3.534118957519531250e+02	1.878476524353027344e+01
-6.065544128417968750e+00	-8.778013610839843750e+01
-1.798522758483886719e+01	-1.101281051635742188e+02
1.626873168945312500e+02	1.559757537841796875e+02
-1.669730987548828125e+02	-7.767890167236328125e+01
4.924362945556640625e+01	2.375902252197265625e+02
3.043379211425781250e+01	-1.847367477416992188e+01
1.170913925170898438e+02	3.522380065917968750e+01
-8.752835845947265625e+01	-1.438375244140625000e+02
2.022363586425781250e+02	-3.235924720764160156e+00
4.845471191406250000e+01	1.295803680419921875e+02
1.998012237548828125e+02	-6.382548904418945312e+01
1.958924674987792969e+01	1.772592315673828125e+02
8.107486724853515625e+01	1.005207214355468750e+02
-1.387710876464843750e+02	1.640704803466796875e+02
-1.185376586914062500e+02	-5.169356155395507812e+01
1.401719665527343750e+02	-1.393094158172607422e+01
-1.681838226318359375e+01	4.044987678527832031e+00
7.231248474121093750e+01	3.141924667358398438e+01
8.021858978271484375e+01	-1.230208015441894531e+01
7.667488861083984375e+01	-2.216313476562500000e+02
-9.207441711425781250e+01	-2.987996935844421387e-01
6.406804656982421875e+01	-6.551350402832031250e+01
-1.230724334716796875e+02	-2.537804718017578125e+02
9.382475280761718750e+01	1.736428375244140625e+02
1.250735244750976562e+02	1.255315551757812500e+02
-2.457946929931640625e+02	6.523117065429687500e+01
8.558124542236328125e+01	6.306136703491210938e+01
-2.231171035766601562e+01	1.351660156250000000e+02
1.108557510375976562e+02	1.973311424255371094e+01
3.227466201782226562e+01	-1.462005004882812500e+02
2.136826019287109375e+02	5.834596633911132812e+01
1.233986434936523438e+02	-6.218061447143554688e+01
1.685276641845703125e+02	8.992742919921875000e+01
