1.928648185729980469e+01	1.090511627197265625e+02
1.395979309082031250e+02	1.024388427734375000e+02
1.346475372314453125e+02	1.555272369384765625e+02
8.966218566894531250e+01	-3.795874786376953125e+01
-1.066888999938964844e+01	1.911278381347656250e+02
1.454516296386718750e+02	2.029450378417968750e+02
-3.193629026412963867e+00	2.190425720214843750e+02
1.094890899658203125e+02	2.356140441894531250e+02
9.046482086181640625e+01	1.578892059326171875e+02
1.796200714111328125e+02	-4.123728561401367188e+01
-6.186941528320312500e+01	-1.960269165039062500e+01
6.329221343994140625e+01	-1.661152954101562500e+02
6.951284790039062500e+01	-9.719859313964843750e+01
-1.330864257812500000e+02	1.278403396606445312e+02
-2.666430664062500000e+01	-1.123256206512451172e+01
-3.669540786743164062e+01	-5.059277343750000000e+01
3.090442848205566406e+01	-6.734953308105468750e+01
3.236309528350830078e+00	-4.263129425048828125e+01
-1.051379623413085938e+02	-5.221867084503173828e+00
-6.810768127441406250e+01	1.404056854248046875e+02
4.505337524414062500e+01	-2.361569404602050781e+01
-1.703657379150390625e+02	6.858533477783203125e+01
-1.069058380126953125e+02	5.533237075805664062e+01
1.417793426513671875e+02	-8.549185943603515625e+01
-1.655568542480468750e+02	-1.024025630950927734e+01
-2.287616920471191406e+01	-1.927125091552734375e+02
-1.209864616394042969e+01	-8.445960235595703125e+01
1.340458984375000000e+02	2.776044845581054688e+01
-8.484754943847656250e+01	-5.347192764282226562e+01
-2.464910125732421875e+01	2.948078155517578125e+01
-5.789075851440429688e+01	-9.225476837158203125e+01
1.032858490943908691e+00	5.818246841430664062e+01
7.806999683380126953e+00	-2.667934894561767578e+00
-1.389393615722656250e+02	-9.524327087402343750e+01
-4.935789108276367188e+01	7.124925231933593750e+01
7.219952392578125000e+01	1.254707908630371094e+01
-8.485348510742187500e+01	-1.553890533447265625e+02
-6.211557006835937500e+01	1.951329612731933594e+01
1.322021484375000000e+01	-1.327964019775390625e+02
6.174236679077148438e+01	6.534766387939453125e+01
2.994423675537109375e+01	2.720136833190917969e+01
