1.863280892372131348e+00	8.741530418395996094e+00
1.875163841247558594e+01	1.619929122924804688e+01
1.873400115966796875e+01	-3.516072463989257812e+01
-8.179949760437011719e+00	-2.070604133605957031e+01
-1.602618026733398438e+01	1.785112190246582031e+01
-1.326750755310058594e+01	-8.191396594047546387e-01
-3.472196197509765625e+01	1.303498992919921875e+02
-4.926900482177734375e+01	1.182023315429687500e+02
-1.875641250610351562e+01	1.378778991699218750e+02
-6.031909942626953125e+00	-9.398889923095703125e+01
9.192009735107421875e+01	-2.400733947753906250e+01
2.313830184936523438e+01	1.285131072998046875e+02
-3.717023468017578125e+01	-8.326746368408203125e+01
3.063542366027832031e+01	1.133885879516601562e+02
-9.039301300048828125e+01	-6.285589218139648438e+01
5.022095108032226562e+01	4.996763610839843750e+01
3.185585212707519531e+01	5.360926055908203125e+01
1.613908767700195312e+01	-7.325920462608337402e-01
1.977081298828125000e+00	-3.660672378540039062e+01
-8.104831695556640625e+01	5.396643829345703125e+01
5.392325592041015625e+01	-1.957075500488281250e+01
-2.608925247192382812e+01	-1.084460926055908203e+01
-1.141033172607421875e+01	3.756460189819335938e+01
-3.525354623794555664e+00	7.068041992187500000e+01
-5.129434967041015625e+01	2.442203712463378906e+01
-5.990843963623046875e+01	3.904830551147460938e+01
-7.554438591003417969e+00	1.129934082031250000e+02
-3.341702651977539062e+01	-2.680249214172363281e+01
-2.414735221862792969e+01	1.057471618652343750e+02
-1.223042106628417969e+01	9.505977630615234375e+01
2.286842727661132812e+01	-8.116423797607421875e+01
3.442995071411132812e+01	-2.831106567382812500e+01
2.307466697692871094e+01	-1.561640548706054688e+01
5.094472122192382812e+01	-4.704792022705078125e+01
5.780371093750000000e+01	-8.487361145019531250e+01
6.601381683349609375e+01	-6.487463378906250000e+01
-3.169731140136718750e+01	-4.978430557250976562e+01
7.069388580322265625e+01	-3.519587707519531250e+01
-3.104075241088867188e+01	3.019257545471191406e+01
2.464461326599121094e+01	7.627516937255859375e+01
2.898974037170410156e+01	-1.072722015380859375e+02
4.880727767944335938e+01	7.805722808837890625e+01
7.603188323974609375e+01	3.429858779907226562e+01
-4.380530929565429688e+01	8.804309844970703125e+01
-5.373195266723632812e+01	-6.012166213989257812e+01
5.586276245117187500e+01	-8.966501057147979736e-02
3.890936279296875000e+01	-1.189420986175537109e+01
-6.916271972656250000e+01	6.715810298919677734e+00
8.781826019287109375e+00	-2.152214431762695312e+01
-4.913940048217773438e+01	-1.160856533050537109e+01
-1.116386795043945312e+01	-4.847231292724609375e+01
1.849104046821594238e+00	-8.131297111511230469e+00
4.969193458557128906e+00	-5.495756149291992188e+01
3.625984668731689453e+00	2.650401687622070312e+01
-3.070897102355957031e+01	6.999171447753906250e+01
3.740808486938476562e+01	-6.612605285644531250e+01
8.670944213867187500e+00	4.797629547119140625e+01
-1.708649063110351562e+01	-6.650473022460937500e+01
2.101435089111328125e+01	-5.305543136596679688e+01
-7.314287567138671875e+01	8.287609863281250000e+01
-5.400666427612304688e+01	6.313020706176757812e+01
4.552509689331054688e+01	1.685242652893066406e+01
2.678039550781250000e+01	3.252481460571289062e+01
3.933404445648193359e+00	-7.302832031250000000e+01
8.145139312744140625e+01	3.505554199218750000e+00
-3.901647567749023438e+01	4.677297973632812500e+01
5.707162094116210938e+01	-3.835691070556640625e+01
3.237242126464843750e+01	3.356824636459350586e+00
3.651162338256835938e+01	-4.503524398803710938e+01
-1.950305366516113281e+01	5.583344268798828125e+01
-5.478453826904296875e+01	-3.608571243286132812e+01
-3.453443145751953125e+01	6.851390361785888672e+00
-1.701624870300292969e+01	-3.303536605834960938e+01
