-2.393579006195068359e+00	4.180331039428710938e+01
5.118947219848632812e+01	5.966632843017578125e+01
3.440072250366210938e+01	1.621329116821289062e+01
3.485988676548004150e-01	6.759561157226562500e+01
2.277218818664550781e+01	5.114092254638671875e+01
1.697551345825195312e+01	-2.060470199584960938e+01
1.806513214111328125e+01	-4.701776123046875000e+01
-4.587914466857910156e+00	1.671604728698730469e+01
7.683768463134765625e+01	5.552500915527343750e+01
-4.350033760070800781e+00	-8.427193641662597656e+00
6.717892456054687500e+01	-3.677169418334960938e+01
3.713122177124023438e+01	-6.154076576232910156e+00
9.236304473876953125e+01	2.997910881042480469e+01
-2.789764976501464844e+01	-1.981790542602539062e+01
6.149764251708984375e+01	-1.212847995758056641e+01
4.455407714843750000e+01	-5.401272201538085938e+01
-2.869127845764160156e+01	3.821925354003906250e+01
-2.802027893066406250e+01	7.769008159637451172e+00
1.563054847717285156e+01	3.552867412567138672e+00
-3.866638183593750000e+01	4.494857406616210938e+01
5.482205963134765625e+01	1.052291584014892578e+01
9.105822753906250000e+01	-1.528819370269775391e+01
1.023800582885742188e+02	-1.888064193725585938e+01
6.420550537109375000e+01	3.220813369750976562e+01
4.155562591552734375e+01	3.703102493286132812e+01
3.038000106811523438e+01	7.616361236572265625e+01
4.053548431396484375e+01	-2.839360427856445312e+01
-5.707958698272705078e+00	-3.643540954589843750e+01
7.809614562988281250e+01	8.844594955444335938e+00
1.655566215515136719e+01	2.807751846313476562e+01
