5.727167510986328125e+01	4.308792495727539062e+01
-8.173818969726562500e+01	-4.524211120605468750e+01
6.581421661376953125e+01	5.711806774139404297e+00
-1.024560928344726562e+02	2.130820465087890625e+01
-3.027748870849609375e+01	1.438886928558349609e+01
-2.198440551757812500e+01	-1.543752574920654297e+01
1.057821655273437500e+01	-5.962944793701171875e+01
-2.522779846191406250e+01	-8.015753936767578125e+01
-8.087126922607421875e+01	-8.205183982849121094e+00
2.390532112121582031e+01	6.634770965576171875e+01
-7.890896606445312500e+01	5.186369323730468750e+01
-6.379829406738281250e+00	4.030313110351562500e+01
-1.781951141357421875e+01	-4.641527557373046875e+01
3.273250961303710938e+01	-3.005147218704223633e+00
-7.311432647705078125e+01	-9.714894104003906250e+01
-6.494402313232421875e+01	-8.275072479248046875e+01
8.343721389770507812e+00	-9.577677917480468750e+01
6.929865360260009766e+00	-2.404509925842285156e+01
2.521809005737304688e+01	2.908817672729492188e+01
7.045609283447265625e+01	-3.290221023559570312e+01
-4.823854446411132812e+01	-4.687874984741210938e+01
6.186611056327819824e-01	7.763520717620849609e+00
-6.207333374023437500e+01	1.966045951843261719e+01
4.612276458740234375e+01	-7.233033752441406250e+01
-1.127840728759765625e+02	-2.413971138000488281e+01
-5.098768615722656250e+01	-1.440381145477294922e+01
3.614762496948242188e+01	-3.640588760375976562e+01
-5.066918563842773438e+01	7.917164611816406250e+01
-1.216744041442871094e+01	7.611204528808593750e+01
-3.934996414184570312e+01	4.554741287231445312e+01
