8.249400138854980469e+00	-4.024240112304687500e+01
3.748070526123046875e+01	-2.208391189575195312e+01
4.492808532714843750e+01	-5.408780670166015625e+01
1.869620132446289062e+01	-1.070511703491210938e+02
5.694770431518554688e+01	-1.236062164306640625e+02
-7.404541778564453125e+01	-6.986586093902587891e+00
-2.708222961425781250e+01	-2.521542549133300781e+01
4.403432846069335938e+01	-8.934886169433593750e+01
-2.412757110595703125e+01	1.688755416870117188e+01
-5.980133056640625000e+01	1.014011230468750000e+02
-6.220882034301757812e+01	3.949621582031250000e+01
-4.458865737915039062e+01	5.763155746459960938e+01
2.623536300659179688e+01	1.641064910888671875e+02
4.939849376678466797e+00	-6.834993362426757812e+00
-1.542420625686645508e+00	1.524285736083984375e+02
1.855560111999511719e+01	1.330880126953125000e+02
-2.185643768310546875e+01	-6.043571853637695312e+01
-1.006780052185058594e+01	9.496546936035156250e+01
-8.389979362487792969e+00	-9.210778045654296875e+01
-4.160768508911132812e+01	-5.933429718017578125e+01
7.972341918945312500e+01	-8.681975555419921875e+01
1.912212753295898438e+01	3.701655197143554688e+01
1.787737464904785156e+01	5.819742202758789062e+01
6.652654266357421875e+01	2.019244956970214844e+01
-1.576426887512207031e+01	-1.311441955566406250e+02
-9.673736572265625000e+01	5.793197631835937500e+01
-5.206026077270507812e+01	-1.062903442382812500e+02
1.020658340454101562e+02	-4.043317794799804688e+01
1.621575927734375000e+01	-7.282330322265625000e+01
2.590796089172363281e+01	-1.541708374023437500e+02
