4.436537742614746094e+00	1.497960090637207031e+01
-4.878585052490234375e+01	1.845218658447265625e+01
-1.111713314056396484e+01	2.911985206604003906e+01
-3.886054611206054688e+01	-1.046574974060058594e+01
-5.070573043823242188e+01	2.045271635055541992e+00
-1.159306335449218750e+01	-5.563673496246337891e+00
3.672527790069580078e+00	-9.852310180664062500e+00
-2.468706512451171875e+01	-1.785437583923339844e+01
-3.697362899780273438e+01	3.895596027374267578e+00
-2.094043922424316406e+01	1.999708938598632812e+01
1.418604278564453125e+01	3.194741630554199219e+01
1.009634256362915039e+00	2.702347946166992188e+01
1.274926424026489258e+00	4.033395385742187500e+01
-1.254532909393310547e+01	4.178404617309570312e+01
-4.088322639465332031e+00	5.598217773437500000e+01
-4.046176910400390625e+01	3.574954605102539062e+01
1.346906566619873047e+01	1.881364703178405762e+00
-1.970829010009765625e+01	5.434661102294921875e+01
-3.215206527709960938e+01	2.731936264038085938e+01
1.823673439025878906e+01	1.673837852478027344e+01
-3.539358520507812500e+01	1.628106117248535156e+01
-1.347086048126220703e+01	6.797955513000488281e+00
-4.326495742797851562e+01	4.871013641357421875e+01
-2.897156143188476562e+01	4.393040466308593750e+01
-2.219716835021972656e+01	3.319497299194335938e+01
-8.997618675231933594e+00	-1.908507728576660156e+01
-1.263757705688476562e+00	3.703007936477661133e+00
-2.481511306762695312e+01	-3.956360101699829102e+00
-2.489194107055664062e+01	8.715608596801757812e+00
-8.473951339721679688e+00	1.723789596557617188e+01
