-2.858275604248046875e+01	4.141109085083007812e+01
-6.328427124023437500e+01	3.187205123901367188e+01
-7.975674438476562500e+01	-1.670977210998535156e+01
-8.233218383789062500e+01	-6.007010650634765625e+01
6.508345794677734375e+01	5.445451354980468750e+01
1.045375061035156250e+01	1.271159362792968750e+02
-1.066576480865478516e+01	8.600993347167968750e+01
-1.211168746948242188e+02	-9.337285614013671875e+01
1.468074493408203125e+02	-6.958224296569824219e+00
-2.815249252319335938e+01	2.581937866210937500e+02
3.607126617431640625e+01	2.621007690429687500e+02
5.891352844238281250e+01	2.802677612304687500e+02
4.510900878906250000e+01	-4.217359008789062500e+02
1.037011184692382812e+02	-1.720245552062988281e+01
7.662750244140625000e+01	-4.010646972656250000e+02
5.280044937133789062e+01	-3.791464538574218750e+02
-2.595094740390777588e-01	-7.872525215148925781e+00
-9.980930328369140625e+01	2.556045684814453125e+02
-6.218307876586914062e+01	-1.020486145019531250e+02
3.229748535156250000e+01	-4.747483253479003906e+00
-1.060325851440429688e+02	-1.586647338867187500e+02
-7.068962860107421875e+01	1.745133361816406250e+02
-7.045586395263671875e+01	2.115370941162109375e+02
-1.007888031005859375e+02	1.308200225830078125e+02
-1.475749664306640625e+02	4.787858486175537109e+00
6.957831573486328125e+01	2.244825286865234375e+02
-2.423756790161132812e+01	-1.474078216552734375e+02
2.576005935668945312e+01	-8.008648681640625000e+01
-4.346560287475585938e+01	-6.636634826660156250e+01
-1.686670684814453125e+02	-1.009211273193359375e+02
