4.356839370727539062e+01	4.141174697875976562e+01
-7.670244598388671875e+01	-2.120625495910644531e+00
2.192511558532714844e+01	1.142423324584960938e+02
-5.091341400146484375e+01	2.501291084289550781e+01
1.729707908630371094e+01	-1.339793968200683594e+01
1.153268966674804688e+02	-3.168387222290039062e+01
1.980338478088378906e+01	-3.087960624694824219e+01
5.560676956176757812e+01	-1.265875015258789062e+02
7.987847900390625000e+01	-4.632919311523437500e+01
-5.076582717895507812e+01	5.713917922973632812e+01
-1.082245159149169922e+01	-4.761253738403320312e+01
-1.563236808776855469e+01	-1.731073379516601562e+01
-4.398118591308593750e+01	-5.872169017791748047e+00
1.090575695037841797e+01	-7.155007934570312500e+01
-1.204110870361328125e+02	1.206770300865173340e+00
5.387503433227539062e+01	-2.342547798156738281e+01
4.020760726928710938e+01	-9.425568389892578125e+01
3.374754333496093750e+01	7.543529510498046875e+01
-3.288759231567382812e+01	-7.099833679199218750e+01
1.164208679199218750e+02	1.967368507385253906e+01
-3.738614654541015625e+01	9.052738189697265625e+01
-1.973932838439941406e+01	4.705051040649414062e+01
-3.491091489791870117e+00	8.722824859619140625e+01
-4.396899414062500000e+01	-1.046860046386718750e+02
-7.445487213134765625e+01	-6.532579803466796875e+01
1.469247150421142578e+01	1.985011100769042969e+01
1.016120338439941406e+01	5.195993041992187500e+01
9.956626129150390625e+01	-1.537714233398437500e+02
1.046212911605834961e-01	-1.067176818847656250e+02
-8.189205169677734375e+01	7.615796661376953125e+01
8.436892700195312500e+01	-6.701149940490722656e+00
-9.052346801757812500e+01	3.371519470214843750e+01
7.740040588378906250e+01	2.598877906799316406e+01
-9.583727264404296875e+01	-3.250647735595703125e+01
6.652475738525390625e+01	9.408521270751953125e+01
-1.580885410308837891e+01	1.457301998138427734e+01
8.193721008300781250e+01	-8.244734191894531250e+01
4.360509109497070312e+01	-5.761696624755859375e+01
4.635890579223632812e+01	8.667420387268066406e+00
-4.911058044433593750e+01	-3.790188598632812500e+01
7.886782836914062500e+01	5.941548156738281250e+01
