6.451461029052734375e+01	1.665466918945312500e+02
8.911442565917968750e+01	1.471216583251953125e+02
-2.270107727050781250e+02	-1.559860229492187500e+02
-1.160091705322265625e+02	-3.166416320800781250e+02
-2.080327148437500000e+02	-1.555627593994140625e+02
1.089783782958984375e+02	2.437931060791015625e+02
-2.133645782470703125e+02	-1.770039520263671875e+02
-1.258520431518554688e+02	2.425476226806640625e+02
-1.889037628173828125e+02	1.434007110595703125e+02
1.561459197998046875e+02	1.211606292724609375e+02
-1.923211822509765625e+02	-1.938607788085937500e+02
7.355988311767578125e+01	-2.685774230957031250e+01
1.112276306152343750e+02	1.188894805908203125e+02
1.745482177734375000e+02	1.136559066772460938e+02
1.808527221679687500e+02	1.329758453369140625e+02
-7.127955627441406250e+01	5.878728866577148438e+01
-1.953734397888183594e+01	-5.961651992797851562e+01
1.012321395874023438e+02	2.657040100097656250e+02
1.264050064086914062e+02	2.474514770507812500e+02
3.209674835205078125e+01	2.022753601074218750e+02
-1.444157562255859375e+02	2.500735168457031250e+02
3.168412590026855469e+01	1.779991760253906250e+02
1.466139316558837891e+01	1.958675842285156250e+02
1.281023712158203125e+02	-1.169825439453125000e+02
1.264311752319335938e+02	-9.967530822753906250e+01
-1.288045806884765625e+02	-2.931318359375000000e+02
-1.284089965820312500e+02	-2.569301147460937500e+02
-1.254042053222656250e+02	-2.770656127929687500e+02
-1.348690643310546875e+02	2.244151763916015625e+02
5.892160034179687500e+01	-1.854669380187988281e+01
-6.442111206054687500e+01	2.693558959960937500e+02
-1.422173309326171875e+02	2.832065124511718750e+02
1.933842468261718750e+02	2.743067979812622070e+00
3.899366760253906250e+01	4.160084533691406250e+01
1.414893341064453125e+01	7.669305419921875000e+01
2.571026420593261719e+01	5.921513366699218750e+01
-1.870592880249023438e+01	1.404522094726562500e+02
1.528979949951171875e+02	-2.109238243103027344e+01
2.279251098632812500e+02	-1.709043884277343750e+02
2.457315521240234375e+02	-1.518954772949218750e+02
2.025540924072265625e+02	-1.856337127685546875e+02
2.085759582519531250e+02	-1.662031097412109375e+02
-6.646387481689453125e+01	8.511222839355468750e+01
-8.343010711669921875e+01	8.606691741943359375e+01
1.553927001953125000e+02	-9.816114807128906250e+01
9.368801116943359375e+01	-1.052460403442382812e+02
1.794172363281250000e+02	1.716093826293945312e+01
1.963792724609375000e+02	2.829692268371582031e+01
1.573514251708984375e+02	-3.798359298706054688e+01
-3.731162071228027344e+00	-2.447021636962890625e+02
3.662425994873046875e+01	-1.903002166748046875e+02
2.851997184753417969e+01	-1.750751342773437500e+02
5.931603431701660156e+00	-2.148311920166015625e+02
-1.369323921203613281e+01	-2.282969970703125000e+02
-1.703358001708984375e+02	1.082346954345703125e+02
-6.827587127685546875e+01	-7.862755126953125000e+02
-1.727588806152343750e+02	1.513453674316406250e+02
-1.842740631103515625e+02	9.264577484130859375e+01
-1.676795349121093750e+02	8.122193908691406250e+01
-1.833792114257812500e+02	5.549463653564453125e+01
-1.885582275390625000e+02	2.771168708801269531e+01
-9.133924865722656250e+01	-1.128459014892578125e+02
-9.999130249023437500e+01	-1.275348892211914062e+02
-2.339177322387695312e+01	1.214085769653320312e+02
-3.262122631072998047e+00	1.173974075317382812e+02
