1.974536743164062500e+02	-2.216268005371093750e+02
8.616252899169921875e+01	2.227642364501953125e+02
1.901900939941406250e+02	1.832732543945312500e+02
-4.227687835693359375e+01	-2.400220336914062500e+02
1.511480865478515625e+02	8.388893127441406250e+01
2.553029937744140625e+02	7.771712493896484375e+01
-7.435692596435546875e+01	-1.032791614532470703e+01
7.600244140625000000e+01	1.801300621032714844e+01
-2.589264831542968750e+02	-6.562439441680908203e+00
5.248086452484130859e+00	-4.936284637451171875e+01
1.865660552978515625e+02	-1.116359863281250000e+02
-1.534954223632812500e+02	-6.991275787353515625e+01
-2.276803207397460938e+01	2.616394348144531250e+02
-2.146534423828125000e+02	1.231353683471679688e+02
3.294656982421875000e+02	-6.263644027709960938e+01
2.818087158203125000e+02	-5.078189849853515625e+01
1.218218421936035156e+01	-1.486753540039062500e+02
-1.393218841552734375e+02	-1.986953887939453125e+02
1.719964447021484375e+02	-1.059953594207763672e+01
6.626868438720703125e+01	1.193547134399414062e+02
-1.280863800048828125e+02	2.010265197753906250e+02
-9.441761779785156250e+01	9.677658081054687500e+01
1.015677947998046875e+02	-1.721817016601562500e+02
-2.339085083007812500e+02	-1.337334899902343750e+02
6.406273651123046875e+01	-2.707668151855468750e+02
-7.166906738281250000e+01	-1.158761825561523438e+02
-1.977385330200195312e+01	1.569523925781250000e+02
9.202213287353515625e+01	-7.450846862792968750e+01
-1.616174774169921875e+02	3.050903511047363281e+01
-7.559552192687988281e+00	5.330288696289062500e+01
