4.231335639953613281e+00	-6.308683872222900391e+00
4.340675830841064453e+00	-5.650970935821533203e+00
4.430571556091308594e+00	-5.472183704376220703e+00
3.979280471801757812e+00	-8.136531829833984375e+00
3.960134744644165039e+00	-8.376823425292968750e+00
4.192289829254150391e+00	-8.756547927856445312e+00
2.548724599182605743e-02	-1.018391132354736328e+00
-1.264730393886566162e-01	-8.002393245697021484e-01
-2.574963271617889404e-01	-7.187145948410034180e-01
5.844985485076904297e+00	-5.025797367095947266e+00
2.211633920669555664e+00	7.743762493133544922e+00
4.752672195434570312e+00	3.415305852890014648e+00
2.206985950469970703e+00	7.791638851165771484e+00
3.315567731857299805e+00	-4.674049377441406250e+00
2.180063009262084961e+00	8.026064872741699219e+00
-1.045986562967300415e-01	-6.366779327392578125e+00
1.168043136596679688e+00	-8.627212524414062500e+00
5.881824493408203125e+00	-1.413177251815795898e+00
1.856566190719604492e+00	8.748324394226074219e+00
3.901758670806884766e+00	-2.147142887115478516e+00
5.205789089202880859e+00	5.650089263916015625e+00
5.998901367187500000e+00	-2.691092729568481445e+00
5.234341144561767578e+00	5.668162822723388672e+00
6.207015991210937500e+00	-2.440962553024291992e+00
6.258470058441162109e+00	-2.348503589630126953e+00
5.855140209197998047e+00	-1.213456511497497559e+00
5.945751667022705078e+00	-9.347053766250610352e-01
2.347022533416748047e+00	-5.667918682098388672e+00
1.313279271125793457e+00	4.925338745117187500e+00
4.346450805664062500e+00	-3.925748825073242188e+00
4.399366855621337891e+00	-4.016842842102050781e+00
4.052865505218505859e+00	-4.619990348815917969e+00
3.421775817871093750e+00	-4.108822822570800781e+00
-2.272217273712158203e+00	-2.188678741455078125e+00
-2.391025781631469727e+00	-2.101563930511474609e+00
2.701238989830017090e-01	6.894277095794677734e+00
3.729204535484313965e-01	7.038774490356445312e+00
2.931468486785888672e+00	-7.209529399871826172e+00
4.870594978332519531e+00	7.078391909599304199e-01
4.825538635253906250e+00	7.928225398063659668e-01
3.859005272388458252e-01	6.877995491027832031e+00
3.128886222839355469e+00	-7.537665843963623047e+00
-2.534331679344177246e-01	-6.584457397460937500e+00
3.439524412155151367e+00	-7.033908843994140625e+00
3.190185070037841797e+00	-7.579618930816650391e+00
3.369222402572631836e+00	-6.533166885375976562e+00
3.323764324188232422e+00	-6.223691463470458984e+00
3.618665218353271484e+00	-6.369140744209289551e-01
3.614420413970947266e+00	-6.499016880989074707e-01
5.653184890747070312e+00	3.720546245574951172e+00
5.873248100280761719e+00	3.481754779815673828e+00
5.701836585998535156e+00	3.635668516159057617e+00
3.384464234113693237e-02	-6.348587512969970703e+00
3.939273357391357422e+00	-2.205759286880493164e+00
-1.748871326446533203e+00	8.544569611549377441e-01
-4.452323913574218750e-01	7.020984888076782227e-01
3.988136053085327148e+00	-2.254414796829223633e+00
3.171053886413574219e+00	5.559018135070800781e+00
2.266738414764404297e+00	-3.289539813995361328e+00
6.210019588470458984e+00	-4.336148738861083984e+00
5.514404773712158203e+00	-6.145257472991943359e+00
6.003422260284423828e+00	-5.104951381683349609e+00
5.735342502593994141e+00	-6.288630485534667969e+00
5.862916469573974609e+00	-6.673095226287841797e+00
4.798418045043945312e+00	-7.630056858062744141e+00
1.914568305015563965e+00	-1.525800704956054688e+00
6.212769746780395508e-01	-3.394417047500610352e+00
1.885646730661392212e-01	-2.923531770706176758e+00
-1.860952526330947876e-01	-4.147424221038818359e+00
-4.886472225189208984e-02	-2.845490455627441406e+00
-6.038530468940734863e-01	-4.391647815704345703e+00
-4.103206694126129150e-01	-4.210338592529296875e+00
1.669020414352416992e+00	-6.278429031372070312e+00
1.388414502143859863e+00	-5.859204769134521484e+00
2.142222881317138672e+00	-5.409423351287841797e+00
1.447810649871826172e+00	-5.876700401306152344e+00
2.422970533370971680e+00	-6.467357158660888672e+00
1.670604944229125977e+00	-4.689107418060302734e+00
1.585613131523132324e+00	-4.503254890441894531e+00
2.281995058059692383e+00	3.156383991241455078e+00
2.858120918273925781e+00	2.809924602508544922e+00
2.679702043533325195e+00	2.967109680175781250e+00
2.266861200332641602e+00	9.592952132225036621e-01
2.996824264526367188e+00	2.601330041885375977e+00
2.246668100357055664e+00	1.240474462509155273e+00
2.246351242065429688e+00	1.341752886772155762e+00
2.270285129547119141e+00	-3.203489780426025391e+00
2.275963783264160156e+00	-3.230593681335449219e+00
1.880934834480285645e+00	-1.376086831092834473e+00
-9.167183041572570801e-01	4.170894622802734375e+00
1.831736207008361816e+00	-1.159114599227905273e+00
4.638791680335998535e-01	2.868208408355712891e+00
2.795303761959075928e-01	2.311538457870483398e+00
3.315779566764831543e-01	2.348044395446777344e+00
-4.183837175369262695e-01	3.535891532897949219e+00
-7.257457971572875977e-01	4.127173423767089844e+00
-1.770787119865417480e+00	3.310845613479614258e+00
-1.923872470855712891e+00	3.125067234039306641e+00
-1.903112292289733887e+00	1.936302542686462402e+00
-2.131138801574707031e+00	2.966515302658081055e+00
1.708746433258056641e+00	-7.699223041534423828e+00
-1.701354503631591797e+00	1.054240107536315918e+00
2.506906986236572266e+00	-8.720747947692871094e+00
2.442602396011352539e+00	-9.019907951354980469e+00
2.106773376464843750e+00	-8.358193397521972656e+00
1.428158521652221680e+00	-8.624730110168457031e+00
1.636013746261596680e+00	-7.526843547821044922e+00
1.353134393692016602e+00	-7.517076015472412109e+00
6.721972823143005371e-01	-7.492898941040039062e+00
7.486304640769958496e-01	7.786613702774047852e-01
1.367842674255371094e+00	4.869700908660888672e+00
1.353614449501037598e+00	4.845709800720214844e+00
3.386890649795532227e+00	5.023461341857910156e+00
3.313072919845581055e+00	5.198715686798095703e+00
4.598962783813476562e+00	-7.280322074890136719e+00
4.924086093902587891e+00	-7.122516632080078125e+00
