1.075272941589355469e+01	-9.212964630126953125e+01
2.473443222045898438e+01	-7.939074707031250000e+01
3.907049560546875000e+01	-6.886243438720703125e+01
-8.409160614013671875e+00	-9.974904632568359375e+01
-1.310277462005615234e+01	-8.279018402099609375e+01
-1.810944366455078125e+01	5.054409408569335938e+01
-2.093649482727050781e+01	3.728087234497070312e+01
1.694899368286132812e+01	-5.477171707153320312e+01
7.201309502124786377e-02	6.440143585205078125e+00
5.907348632812500000e+00	3.961014938354492188e+01
1.802937316894531250e+01	3.345503330230712891e+00
1.218177318572998047e+01	1.994314956665039062e+01
3.874680280685424805e+00	-1.714773750305175781e+01
-6.360445499420166016e+00	-2.831114578247070312e+01
-6.280982971191406250e+01	4.890616416931152344e+00
-7.075418090820312500e+01	1.174635696411132812e+01
-2.915157318115234375e+01	1.283623809814453125e+02
-4.091054534912109375e+01	1.399661865234375000e+02
-3.241654586791992188e+01	-9.130455780029296875e+01
-5.083609390258789062e+01	3.567485046386718750e+01
-5.325223159790039062e+01	5.009590530395507812e+01
-4.639368057250976562e+01	1.209131774902343750e+02
-1.807737541198730469e+01	-6.337768173217773438e+01
-1.849001502990722656e+01	-4.604409790039062500e+01
3.431750106811523438e+01	-1.862557029724121094e+01
-5.633380889892578125e+00	1.061718750000000000e+02
1.561042690277099609e+01	-3.626621246337890625e+01
3.286726760864257812e+01	-4.208354949951171875e+01
-2.182370948791503906e+01	-1.063296222686767578e+01
-2.814263725280761719e+01	4.496158123016357422e+00
-5.438193130493164062e+01	-4.421062469482421875e+01
-3.891456222534179688e+01	-5.269196319580078125e+01
-3.402162170410156250e+01	-7.143106842041015625e+01
-3.245483016967773438e+01	-3.146855735778808594e+01
-4.551341247558593750e+01	-2.160720825195312500e+01
1.726591944694519043e+00	7.414802551269531250e+01
3.952975845336914062e+01	4.691224288940429688e+01
2.257246971130371094e+01	6.192484283447265625e+01
4.212257385253906250e+01	6.265687561035156250e+01
5.723165893554687500e+01	6.537296295166015625e+01
4.556420516967773438e+01	9.908230781555175781e+00
2.513862419128417969e+01	8.771104431152343750e+01
2.229099082946777344e+01	1.109086685180664062e+02
2.185835838317871094e+01	1.265240631103515625e+02
4.481539154052734375e+01	1.069521865844726562e+02
3.833621978759765625e+01	1.247069702148437500e+02
-5.317663955688476562e+01	-7.336135101318359375e+01
2.127530574798583984e+00	-7.129766845703125000e+01
-2.069305896759033203e+00	-5.405174255371093750e+01
-2.646605110168457031e+01	8.836904144287109375e+01
-3.688364028930664062e+01	7.905966949462890625e+01
