1.681073546409606934e+00	4.376828670501708984e+00
1.822498440742492676e+00	3.777479410171508789e+00
1.877838373184204102e+00	3.530954599380493164e+00
1.542331814765930176e+00	5.027718067169189453e+00
1.517370343208312988e+00	5.093421936035156250e+00
1.430521011352539062e+00	4.843229293823242188e+00
-1.037442922592163086e+00	-5.133313536643981934e-01
-1.068606853485107422e+00	-7.793428301811218262e-01
-1.127305865287780762e+00	-9.200046062469482422e-01
-6.507385373115539551e-01	5.050772666931152344e+00
3.304432630538940430e+00	-6.301186084747314453e+00
-3.506024479866027832e-01	-3.566459894180297852e+00
3.333028316497802734e+00	-6.310524463653564453e+00
6.147350668907165527e-01	3.687431097030639648e+00
3.491262435913085938e+00	-6.361926078796386719e+00
3.006996154785156250e+00	3.866738796234130859e+00
2.623613357543945312e+00	7.205978870391845703e+00
1.648279309272766113e+00	1.012152433395385742e+00
4.111420154571533203e+00	-6.515550136566162109e+00
2.543882846832275391e+00	2.069639205932617188e+00
5.365382507443428040e-02	-2.269085407257080078e+00
1.002706885337829590e+00	1.674741625785827637e+00
3.621162846684455872e-02	-2.256996154785156250e+00
1.032722830772399902e+00	1.486544370651245117e+00
9.536874890327453613e-01	1.242300629615783691e+00
1.765022993087768555e+00	9.508950114250183105e-01
1.866846561431884766e+00	7.653195858001708984e-01
3.217957735061645508e+00	5.160067558288574219e+00
3.180850982666015625e+00	-4.096542358398437500e+00
9.620773792266845703e-01	3.010040044784545898e+00
9.967224001884460449e-01	3.151093244552612305e+00
8.715050220489501953e-01	3.857583522796630859e+00
5.684069395065307617e-01	2.931564331054687500e+00
-2.386997342109680176e-01	8.203587532043457031e-01
-3.736314773559570312e-01	5.874606370925903320e-01
1.663753390312194824e+00	-6.024635314941406250e+00
1.792010545730590820e+00	-6.101383209228515625e+00
1.423486948013305664e+00	6.126057147979736328e+00
6.538218855857849121e-01	-4.389720559120178223e-01
6.694419980049133301e-01	-5.387808680534362793e-01
1.725959062576293945e+00	-6.052261352539062500e+00
1.417943358421325684e+00	6.373343467712402344e+00
3.062017202377319336e+00	3.924402952194213867e+00
1.083901643753051758e+00	6.718622207641601562e+00
1.365569472312927246e+00	6.734745502471923828e+00
5.978111624717712402e-01	6.728213310241699219e+00
4.349360167980194092e-01	6.563567638397216797e+00
-1.493827104568481445e+00	1.284659504890441895e+00
-1.493100762367248535e+00	1.303080439567565918e+00
-2.315132021903991699e-01	-4.745713233947753906e+00
-4.317587614059448242e-01	-4.531977653503417969e+00
-1.495406866073608398e+00	-4.365033626556396484e+00
2.968685388565063477e+00	3.932209014892578125e+00
2.548933982849121094e+00	2.098732233047485352e+00
5.273839950561523438e+00	-2.220184057950973511e-01
4.220935344696044922e+00	3.440239652991294861e-02
2.560182332992553711e+00	2.134979724884033203e+00
1.386349439620971680e+00	-4.247771263122558594e+00
4.109651088714599609e+00	3.217559099197387695e+00
-1.205920815467834473e+00	4.665123939514160156e+00
1.052610948681831360e-01	5.056258678436279297e+00
-7.367658615112304688e-01	5.137768745422363281e+00
1.146751269698143005e-01	4.780486583709716797e+00
1.729023903608322144e-01	4.818933963775634766e+00
7.337979078292846680e-01	5.772264957427978516e+00
4.166328430175781250e+00	1.652913212776184082e+00
-3.294500708580017090e-01	3.063448667526245117e+00
-6.267196536064147949e-01	2.456771135330200195e+00
-1.097716569900512695e+00	3.265513420104980469e+00
-7.821932435035705566e-01	2.364462852478027344e+00
-1.504524827003479004e+00	3.341413259506225586e+00
-1.306288599967956543e+00	3.253404140472412109e+00
2.251597881317138672e+00	5.193729400634765625e+00
2.455519437789916992e+00	4.890172004699707031e+00
3.271159172058105469e+00	4.962893962860107422e+00
2.598083019256591797e+00	4.961280822753906250e+00
2.968414068222045898e+00	5.616613864898681641e+00
4.086452960968017578e+00	4.753864765167236328e+00
4.244623661041259766e+00	4.624559402465820312e+00
1.597118496894836426e+00	-2.455260992050170898e+00
2.094511270523071289e+00	-2.413456439971923828e+00
1.949890494346618652e+00	-2.447486162185668945e+00
2.464677572250366211e+00	-8.056933879852294922e-01
2.209299325942993164e+00	-2.322007656097412109e+00
2.470569372177124023e+00	-1.043587923049926758e+00
2.461764335632324219e+00	-1.107889652252197266e+00
3.996111392974853516e+00	3.122557640075683594e+00
3.963070154190063477e+00	3.139882802963256836e+00
4.189182281494140625e+00	1.568584203720092773e+00
4.874835014343261719e+00	-3.249511480331420898e+00
4.271865367889404297e+00	1.421536564826965332e+00
3.848306655883789062e+00	-2.117705821990966797e+00
3.982997894287109375e+00	-1.641558170318603516e+00
3.946105241775512695e+00	-1.663913130760192871e+00
4.459414482116699219e+00	-2.731448411941528320e+00
4.727448940277099609e+00	-3.226255655288696289e+00
5.512957096099853516e+00	-2.433150768280029297e+00
5.609536647796630859e+00	-2.281916856765747070e+00
5.521387577056884766e+00	-1.239094614982604980e+00
5.757694244384765625e+00	-2.146085023880004883e+00
3.019857406616210938e+00	6.580745220184326172e+00
5.255399703979492188e+00	-4.183138608932495117e-01
2.314907073974609375e+00	5.960548400878906250e+00
2.340193510055541992e+00	6.166320323944091797e+00
2.307988882064819336e+00	6.655021667480468750e+00
2.516734838485717773e+00	6.991874217987060547e+00
3.192387342453002930e+00	6.440897464752197266e+00
3.452788591384887695e+00	6.504204273223876953e+00
3.895919561386108398e+00	6.001651287078857422e+00
3.539920091629028320e+00	-3.186217844486236572e-01
3.155058860778808594e+00	-4.038477897644042969e+00
3.157305002212524414e+00	-4.018473148345947266e+00
1.134476542472839355e+00	-3.981090784072875977e+00
1.195713043212890625e+00	-4.079063415527343750e+00
8.098522424697875977e-01	5.591432571411132812e+00
6.651057004928588867e-01	5.418362617492675781e+00
