-3.563009643554687500e+02	-4.166342544555664062e+01
-3.966333007812500000e+02	-2.972455787658691406e+01
1.261163787841796875e+02	-1.044014129638671875e+02
3.369228744506835938e+01	-2.581709289550781250e+02
1.082973709106445312e+02	1.645306396484375000e+02
1.672622489929199219e+01	-6.031552124023437500e+01
-3.278057861328125000e+01	3.251963195800781250e+02
4.551928710937500000e+01	3.112911682128906250e+02
3.671741104125976562e+01	3.854252319335937500e+02
1.144044113159179688e+02	-1.965734558105468750e+02
-3.350012817382812500e+02	-1.853030700683593750e+02
-3.584324264526367188e+01	4.041133422851562500e+02
3.701273498535156250e+02	1.483577575683593750e+02
-6.332715225219726562e+01	4.565701599121093750e+02
6.476428222656250000e+01	4.360668334960937500e+02
2.973577690124511719e+01	-4.499923706054687500e+02
3.516169738769531250e+01	8.841085815429687500e+01
2.511013793945312500e+02	-2.712377929687500000e+02
-3.646456527709960938e+01	-1.015767135620117188e+02
6.861526489257812500e+01	2.241301269531250000e+02
-1.342139587402343750e+02	-1.094633789062500000e+02
-1.554538421630859375e+02	-1.920720062255859375e+02
2.128720245361328125e+02	-1.802930603027343750e+02
-1.955697784423828125e+02	-3.371321105957031250e+02
-1.388984222412109375e+02	1.626593475341796875e+02
-1.871507263183593750e+02	2.101734466552734375e+02
-2.459015655517578125e+02	2.453640136718750000e+02
-1.865338592529296875e+02	2.982868194580078125e+01
1.520278320312500000e+02	2.969975585937500000e+02
1.265345764160156250e+02	2.724991455078125000e+02
-1.916063232421875000e+02	1.191873779296875000e+02
-8.397557830810546875e+01	-1.512386016845703125e+02
-1.839346466064453125e+02	3.345715637207031250e+02
3.377587890625000000e+01	-1.821138305664062500e+02
2.203022613525390625e+02	7.166840553283691406e+00
1.882265777587890625e+02	-2.748773384094238281e+01
1.312071685791015625e+02	-2.866803894042968750e+02
2.604701843261718750e+02	1.550045471191406250e+02
1.142835922241210938e+02	7.319316101074218750e+01
2.587739868164062500e+02	1.983904266357421875e+02
6.477469635009765625e+01	-3.853368530273437500e+02
9.621792602539062500e+01	-4.091750488281250000e+02
-2.449986724853515625e+02	-2.373659362792968750e+02
3.397791442871093750e+02	-6.712230682373046875e+01
1.142243270874023438e+02	-5.785741329193115234e+00
-2.502292442321777344e+01	-1.603076934814453125e+02
-8.274011993408203125e+01	-1.756844902038574219e+01
3.174311218261718750e+02	4.470169830322265625e+01
2.238149871826171875e+02	-9.935043334960937500e+01
-2.471297073364257812e+01	2.032721900939941406e+01
-2.386279144287109375e+02	-5.547273635864257812e+01
-1.106399993896484375e+02	-2.604382629394531250e+02
-8.462900543212890625e+01	-7.911339569091796875e+01
1.720562744140625000e+01	1.550686645507812500e+02
7.675918579101562500e+01	1.479538879394531250e+02
6.664559173583984375e+01	-1.265617828369140625e+02
4.015356445312500000e+01	1.350186347961425781e+01
1.209327888488769531e+01	-1.125555801391601562e+02
7.395335388183593750e+01	-5.339239120483398438e+01
-7.634764862060546875e+01	2.060867767333984375e+02
-5.639908218383789062e+01	1.362203369140625000e+02
2.088240051269531250e+02	3.881463012695312500e+02
-9.180233764648437500e+01	5.511368560791015625e+01
-2.056200408935546875e+02	-1.287514038085937500e+02
2.658611572265625000e+03	-2.864183998107910156e+01
1.696945190429687500e+02	1.186349411010742188e+02
-3.078884696960449219e+01	-4.877051544189453125e+01
-2.786257629394531250e+02	5.429220962524414062e+01
-1.929878784179687500e+03	-3.878438720703125000e+02
-2.770853281021118164e+00	2.309050598144531250e+02
-4.235992431640625000e+01	-2.265188751220703125e+02
-5.628638076782226562e+01	-3.381326904296875000e+02
-1.415629577636718750e+02	-3.271222305297851562e+01
