1.792649993896484375e+02	1.523152008056640625e+02
-3.490488281250000000e+02	2.012049865722656250e+02
1.073512878417968750e+02	-6.459957122802734375e+01
-9.718167114257812500e+01	4.759434509277343750e+01
-2.028840637207031250e+02	1.679414672851562500e+02
3.168408203125000000e+01	3.658624589443206787e-01
3.159681091308593750e+02	-4.681777191162109375e+01
2.346510925292968750e+02	-6.859754180908203125e+01
-3.927536926269531250e+02	-6.116529941558837891e+00
9.362312316894531250e+01	1.304650115966796875e+02
1.211146621704101562e+02	-2.840481872558593750e+02
-4.047320251464843750e+02	-7.254780578613281250e+01
1.868851165771484375e+02	-3.441972656250000000e+02
-4.554115600585937500e+02	-1.021267089843750000e+02
-4.192837524414062500e+02	4.642522048950195312e+01
-3.068636169433593750e+02	-1.703891448974609375e+02
-1.729800415039062500e+02	8.157295227050781250e+01
2.292858505249023438e+01	-2.655338134765625000e+02
-1.262404251098632812e+01	-1.660169982910156250e+01
4.062805480957031250e+02	-1.481328010559082031e+01
2.615800666809082031e+01	9.994225311279296875e+01
2.042126159667968750e+02	5.124245071411132812e+01
-4.757343292236328125e+01	2.505321807861328125e+02
-1.874494018554687500e+02	-1.836902923583984375e+02
1.586412506103515625e+02	-1.357604980468750000e+02
1.995154571533203125e+02	-1.822473907470703125e+02
2.655614929199218750e+02	-2.066659088134765625e+02
3.834576797485351562e+01	2.030898437500000000e+02
3.356490173339843750e+02	-1.476805114746093750e+02
3.212599792480468750e+02	-1.177500534057617188e+02
-2.021858062744140625e+02	-2.946204223632812500e+02
-3.586858367919921875e+01	-6.071321487426757812e+01
-1.786110382080078125e+02	-9.189270782470703125e+01
1.304593563079833984e+01	-8.462361145019531250e+01
-6.385573577880859375e+01	-1.978744049072265625e+02
-1.416215610504150391e+01	-1.889605255126953125e+02
-9.513105773925781250e+01	-2.784560852050781250e+02
3.153457336425781250e+02	2.137604980468750000e+02
-1.051708297729492188e+02	1.171169738769531250e+02
2.710218200683593750e+02	2.243178100585937500e+02
1.731478118896484375e+02	3.356340026855468750e+02
1.357261962890625000e+02	3.513694152832031250e+02
2.030743026733398438e+01	3.274320983886718750e+02
-1.700397033691406250e+02	2.416894378662109375e+02
-2.489936256408691406e+01	-3.854318542480468750e+02
6.366921615600585938e+01	5.522834014892578125e+01
-9.100521850585937500e+01	-7.491457366943359375e+01
-2.569159240722656250e+02	2.639243469238281250e+02
-2.341313552856445312e+01	1.546478271484375000e+02
-1.437105865478515625e+02	-1.417134106159210205e-01
2.813946533203125000e+02	8.109114837646484375e+01
1.586062316894531250e+02	-1.670482254028320312e+01
5.009831237792968750e+01	-4.658577346801757812e+01
-1.291509246826171875e+02	3.282827758789062500e+02
-1.729097290039062500e+02	1.526321411132812500e+02
-7.262724304199218750e+01	-8.474135398864746094e+00
6.557476806640625000e+01	-1.181138153076171875e+02
-3.698498535156250000e+01	3.004178619384765625e+01
3.508601074218750000e+02	1.244495483398437500e+03
3.709437866210937500e+02	-2.600642700195312500e+02
-2.405943298339843750e+02	3.770527267456054688e+01
-2.433020172119140625e+02	-5.241336059570312500e+01
7.712625122070312500e+01	-1.870880737304687500e+02
-1.098454818725585938e+02	-1.381343994140625000e+02
8.906912231445312500e+01	1.794842123985290527e+00
-2.737785644531250000e+02	1.215294952392578125e+02
9.540246009826660156e+00	4.279916763305664062e+01
-3.069569969177246094e+01	-1.264375305175781250e+02
-1.065166473388671875e+02	-5.864115524291992188e+01
-1.107836837768554688e+02	1.884537048339843750e+02
1.262377548217773438e+02	6.234532928466796875e+01
1.219665451049804688e+02	2.229297637939453125e+02
-3.784168624877929688e+01	8.826792144775390625e+01
