-1.812330322265625000e+02	3.989337539672851562e+01
-2.193620758056640625e+02	7.106550598144531250e+01
-2.738383293151855469e+01	-1.176182174682617188e+02
-9.052321624755859375e+01	1.922093749046325684e+00
4.323334121704101562e+01	-1.877884674072265625e+02
-4.159344673156738281e+00	-7.558792114257812500e+01
-5.502083301544189453e-01	2.685448913574218750e+02
-8.266168594360351562e+00	-2.371575622558593750e+02
-9.219654846191406250e+01	2.530842895507812500e+02
1.390208601951599121e+00	1.350010070800781250e+02
6.427220153808593750e+01	-2.639687194824218750e+02
-1.476180572509765625e+02	2.437676391601562500e+02
2.535873260498046875e+02	5.309667587280273438e+01
-1.645569610595703125e+02	2.941609497070312500e+02
-6.567913055419921875e+01	2.981365051269531250e+02
-8.045153808593750000e+01	-2.699088745117187500e+02
-1.249254760742187500e+02	4.846050262451171875e+01
1.524492340087890625e+02	-3.125853347778320312e+01
-1.765761566162109375e+01	7.062565612792968750e+01
1.900872039794921875e+02	-1.694130249023437500e+02
3.386248779296875000e+01	-2.976923704147338867e+00
-8.948931121826171875e+01	1.462051849365234375e+02
-1.890654296875000000e+02	-2.787773323059082031e+01
-1.434227905273437500e+02	1.027164764404296875e+02
6.945932006835937500e+01	-1.173648605346679688e+02
-3.841847610473632812e+01	1.938970642089843750e+02
-2.659428100585937500e+02	-9.066993713378906250e+01
1.199627456665039062e+02	3.449963760375976562e+01
8.592238616943359375e+01	2.718632507324218750e+02
7.703069305419921875e+01	2.508727569580078125e+02
-2.005275268554687500e+02	-1.606351470947265625e+02
1.912183189392089844e+01	3.541825103759765625e+01
-1.302040405273437500e+02	-1.286976623535156250e+02
-7.354010009765625000e+01	-4.429556274414062500e+01
-7.375982666015625000e+01	-1.299961700439453125e+02
2.187370109558105469e+01	8.442726898193359375e+01
-4.228891754150390625e+01	1.077374343872070312e+02
4.770500946044921875e+01	1.756644287109375000e+02
6.204425811767578125e+01	1.152670745849609375e+02
1.312494049072265625e+02	-2.201484832763671875e+02
2.216151428222656250e+02	-7.919421386718750000e+01
2.280511932373046875e+02	-3.653231430053710938e+01
1.777637329101562500e+02	4.290396118164062500e+01
1.871659851074218750e+02	1.273367691040039062e+02
-1.168740310668945312e+02	-1.985783081054687500e+02
1.656753730773925781e+01	-1.138722457885742188e+02
-2.580122756958007812e+01	2.897065734863281250e+01
-2.660835571289062500e+02	-1.064169883728027344e+00
1.032473449707031250e+02	8.230758666992187500e+01
7.099950408935546875e+01	1.527333164215087891e+01
1.060335083007812500e+02	-1.581236362457275391e+01
9.676718902587890625e+01	-6.940151214599609375e+01
-7.858442687988281250e+01	4.579487609863281250e+01
-3.359832000732421875e+01	-1.738512115478515625e+02
3.632833480834960938e+01	-1.660480041503906250e+02
-4.980222320556640625e+01	-7.995167541503906250e+01
-9.633371734619140625e+01	-8.551772308349609375e+01
1.866585159301757812e+01	-4.196660614013671875e+01
-5.937657356262207031e+00	-8.566117286682128906e+00
-1.850181884765625000e+02	1.606476135253906250e+02
1.462261047363281250e+02	-1.002008895874023438e+02
6.412154388427734375e+01	-3.538557052612304688e+01
4.520698165893554688e+01	-7.718695831298828125e+01
5.885917282104492188e+01	5.692053222656250000e+01
-5.067406845092773438e+01	-1.096483230590820312e+01
1.262373352050781250e+02	1.689906005859375000e+02
-2.706527519226074219e+01	-4.310487747192382812e+01
-8.698862457275390625e+01	9.028765869140625000e+01
-4.069848251342773438e+01	3.315337371826171875e+01
1.099141921997070312e+02	-1.523104400634765625e+02
-1.355619659423828125e+02	-1.232051014900207520e+00
-1.596006164550781250e+02	-7.784387969970703125e+01
-1.172191696166992188e+02	-4.294600677490234375e+01
