3.652619552612304688e+01	-1.626275825500488281e+01
7.069161987304687500e+01	-1.488059711456298828e+01
6.326950073242187500e+01	-5.374561309814453125e+01
4.250445175170898438e+01	-8.074765014648437500e+01
3.889152145385742188e+01	-1.639069976806640625e+02
-7.709423828125000000e+01	3.881250000000000000e+01
8.211874961853027344e+00	-4.469054031372070312e+01
7.239251708984375000e+01	-1.118724517822265625e+02
5.682769012451171875e+01	6.960377502441406250e+01
2.059683609008789062e+01	1.277391204833984375e+02
-1.161390495300292969e+01	1.621878814697265625e+02
-3.757305526733398438e+01	1.692120361328125000e+02
-1.511989746093750000e+02	1.906149597167968750e+02
3.970766067504882812e+01	2.936243057250976562e+01
-1.560820007324218750e+02	1.579302673339843750e+02
-1.272146301269531250e+02	1.632289886474609375e+02
-7.622711360454559326e-02	-1.008742237091064453e+01
-7.083860778808593750e+01	1.235750732421875000e+02
5.576882839202880859e+00	-9.192047882080078125e+01
-1.458696269989013672e+01	9.793698310852050781e+00
1.121717910766601562e+02	-8.319181060791015625e+01
-9.357936859130859375e+00	6.998268890380859375e+01
-2.276986122131347656e+01	9.292051696777343750e+01
1.137836303710937500e+02	3.338926696777343750e+01
-4.719763183593750000e+01	-4.483274841308593750e+01
-3.058991193771362305e+00	2.065026550292968750e+02
-1.576150321960449219e+01	-1.419117889404296875e+02
-6.615875244140625000e+01	-1.027136764526367188e+02
3.368624114990234375e+01	-1.135715789794921875e+02
1.046444091796875000e+02	-1.453582763671875000e+02
