-7.963438415527343750e+01	1.871563262939453125e+02
3.831657791137695312e+01	-4.230044364929199219e+00
2.467059173583984375e+02	-1.945898590087890625e+02
6.772660827636718750e+01	-2.723617553710937500e+02
2.246096191406250000e+02	-1.915106811523437500e+02
7.864408874511718750e+01	1.479895172119140625e+02
2.288902130126953125e+02	-2.161042022705078125e+02
2.612217140197753906e+01	2.151864013671875000e+02
2.071407165527343750e+02	7.205235290527343750e+01
6.715548706054687500e+01	3.757014083862304688e+01
2.085886688232421875e+02	-2.396132965087890625e+02
-3.819238662719726562e+01	-2.637278747558593750e+02
-7.969194793701171875e+01	-1.310452270507812500e+02
6.996528625488281250e+01	5.957271194458007812e+01
9.231614685058593750e+01	5.363088989257812500e+01
-1.798596649169921875e+02	1.490967864990234375e+02
-1.103970108032226562e+02	-1.368268890380859375e+02
5.229602813720703125e+01	1.423999023437500000e+02
8.351266479492187500e+01	1.280712738037109375e+02
-1.128122558593750000e+02	2.067055816650390625e+02
3.364793014526367188e+01	2.368584289550781250e+02
-8.805973815917968750e+01	2.202567596435546875e+02
-1.139357299804687500e+02	2.292591552734375000e+02
5.156890487670898438e+01	-1.103702621459960938e+02
5.109268188476562500e+01	-9.132605743408203125e+01
6.386764526367187500e+01	-2.416574859619140625e+02
-8.622983551025390625e+01	-2.605154724121093750e+02
4.676552963256835938e+01	-2.393354034423828125e+02
5.793549537658691406e+00	2.267613525390625000e+02
-5.486280059814453125e+01	-2.563828430175781250e+02
-1.673101997375488281e+01	8.066693305969238281e+00
7.358403778076171875e+01	2.294370574951171875e+02
-7.472399902343750000e+01	4.281026458740234375e+01
-1.545076751708984375e+02	3.774535369873046875e+01
-1.443098297119140625e+02	8.720788574218750000e+01
-1.520172424316406250e+02	6.279932785034179688e+01
-1.040977478027343750e+02	1.450183563232421875e+02
-2.583737373352050781e+01	-5.323104095458984375e+01
1.174550476074218750e+02	-2.243886184692382812e+01
1.078912582397460938e+02	-5.023252868652343750e+01
1.442654571533203125e+02	-5.803528785705566406e+00
1.396489868164062500e+02	-2.849437904357910156e+01
-1.604477691650390625e+02	1.743446655273437500e+02
-1.788398284912109375e+02	1.816891632080078125e+02
-1.626578140258789062e+01	-1.245618667602539062e+02
-1.764473915100097656e+01	-1.434635772705078125e+02
-5.266239929199218750e+01	4.900616836547851562e+01
-6.249639129638671875e+01	6.935620117187500000e+01
-5.859743595123291016e+00	-5.211534500122070312e+01
1.413185729980468750e+02	-1.627243347167968750e+02
-9.538750457763671875e+01	-6.277328491210937500e+01
-7.810919952392578125e+01	-7.212026977539062500e+01
1.119470062255859375e+02	-1.485212402343750000e+02
1.381017608642578125e+02	-1.408121795654296875e+02
-3.196041488647460938e+01	1.714596252441406250e+02
-3.277737045288085938e+01	-2.794017791748046875e+00
1.862162933349609375e+02	7.621414184570312500e+01
-3.872558593750000000e+01	1.473421173095703125e+02
-1.488053798675537109e+01	1.496277770996093750e+02
-1.582219123840332031e+01	1.187045516967773438e+02
-8.826802825927734375e+01	-1.853978271484375000e+02
7.612094402313232422e+00	-1.920800170898437500e+02
-8.340951919555664062e+00	-2.027966308593750000e+02
-1.263077163696289062e+02	1.388538513183593750e+02
-1.146579284667968750e+02	1.179860687255859375e+02
