-5.968560409545898438e+01	-3.217967987060546875e+01
-2.697592544555664062e+01	1.560359096527099609e+01
-4.652819061279296875e+01	-8.845473480224609375e+01
-3.183459663391113281e+01	-1.532378387451171875e+02
5.433538436889648438e+01	-1.481860046386718750e+02
1.487203216552734375e+02	-2.773949432373046875e+01
-1.174059219360351562e+02	-1.862118721008300781e+01
-8.768906402587890625e+01	-1.453184509277343750e+02
-9.493051910400390625e+01	5.251131439208984375e+01
-9.558963775634765625e+01	1.443752746582031250e+02
-2.936342239379882812e+01	8.938561248779296875e+01
1.603099060058593750e+01	1.165943756103515625e+02
2.135503540039062500e+02	1.784823303222656250e+02
-5.233530998229980469e-01	-3.764242172241210938e+01
1.634859313964843750e+02	2.159296722412109375e+02
1.540996246337890625e+02	1.596329498291015625e+02
4.864589309692382812e+01	-6.808366394042968750e+01
7.642331695556640625e+01	1.723011016845703125e+02
-1.048404769897460938e+02	-8.700496673583984375e+01
8.015888977050781250e+01	-5.786893463134765625e+01
-1.491003875732421875e+02	-1.598725585937500000e+02
5.380652618408203125e+01	2.960573387145996094e+01
7.494168853759765625e+01	5.886911773681640625e+01
1.395143890380859375e+02	-1.238293380737304688e+02
7.962653636932373047e+00	-2.042964019775390625e+02
-1.388455486297607422e+01	1.838234863281250000e+02
-1.719861907958984375e+02	-8.161557006835937500e+01
1.801304321289062500e+02	4.033433532714843750e+01
4.166770458221435547e+00	-1.096532745361328125e+02
-8.136048889160156250e+01	-2.174479064941406250e+02
