1.980152587890625000e+02	6.611146545410156250e+01
-2.084361572265625000e+02	1.288656902313232422e+01
-1.261924896240234375e+02	-2.811544418334960938e+00
-3.145812225341796875e+01	-8.520785522460937500e+01
1.263390502929687500e+02	8.104263305664062500e+01
-1.891208953857421875e+02	1.275507965087890625e+02
-3.188232803344726562e+01	2.300806121826171875e+02
-1.149998550415039062e+02	1.969030761718750000e+02
4.554098510742187500e+01	5.324083328247070312e+00
-1.710075531005859375e+02	-1.368354339599609375e+02
2.877608680725097656e+01	-6.575143432617187500e+01
1.586733245849609375e+02	1.476700134277343750e+02
-5.481971740722656250e+01	1.593753242492675781e+01
9.528293609619140625e+01	2.061191711425781250e+02
1.425467834472656250e+02	-6.528631591796875000e+01
-1.090108871459960938e+02	-1.897007446289062500e+02
-4.448567581176757812e+01	8.971481323242187500e+01
-4.535032653808593750e+01	1.543538665771484375e+02
2.053810119628906250e+02	-1.103605270385742188e+02
1.222984161376953125e+02	1.559827423095703125e+01
6.344695281982421875e+01	6.298296356201171875e+01
-1.120205383300781250e+02	1.238627319335937500e+02
1.474945735931396484e+01	1.094813156127929688e+02
8.026262664794921875e+01	-1.056147003173828125e+02
8.579092407226562500e+01	-3.710913848876953125e+01
7.789109802246093750e+01	1.310107421875000000e+02
1.945804786682128906e+01	-1.348297119140625000e+02
-1.927736091613769531e+01	-2.163664855957031250e+02
-1.108427333831787109e+01	-2.159441566467285156e+01
1.934895782470703125e+02	-1.179084587097167969e+01
-2.234981994628906250e+02	-6.574989318847656250e+01
-1.511883087158203125e+02	-6.062353515625000000e+01
-1.000681533813476562e+02	-1.061960754394531250e+02
5.961341094970703125e+01	-1.951907653808593750e+02
-9.429315185546875000e+01	5.802210998535156250e+01
-7.678484344482421875e+01	-4.300944137573242188e+01
1.278941268920898438e+02	-1.552808990478515625e+02
-1.526629028320312500e+02	5.671767807006835938e+01
-4.703229904174804688e+01	-1.492837677001953125e+02
-3.547999560832977295e-01	4.558760070800781250e+01
2.376899909973144531e+01	1.800192413330078125e+02
