1.429106616973876953e+01	1.266548728942871094e+01
1.204918766021728516e+01	1.267988586425781250e+01
1.186067295074462891e+01	1.283578014373779297e+01
1.089705085754394531e+01	1.130192565917968750e+01
1.084392070770263672e+01	1.125248718261718750e+01
1.063367176055908203e+01	1.123841667175292969e+01
1.282942008972167969e+01	1.306936931610107422e+01
1.278916072845458984e+01	1.284224605560302734e+01
1.241302967071533203e+01	1.334380722045898438e+01
1.259305858612060547e+01	1.337295341491699219e+01
1.294395160675048828e+01	1.328100681304931641e+01
1.265530204772949219e+01	1.313716411590576172e+01
1.553158760070800781e+01	1.331797122955322266e+01
1.502478790283203125e+01	1.309886455535888672e+01
1.403332328796386719e+01	1.314564228057861328e+01
1.123443698883056641e+01	1.099765682220458984e+01
1.468906307220458984e+01	1.294812965393066406e+01
1.451684856414794922e+01	1.301803493499755859e+01
1.454011058807373047e+01	1.251984405517578125e+01
1.426729965209960938e+01	1.253017425537109375e+01
1.387730503082275391e+01	1.193777370452880859e+01
1.404469966888427734e+01	1.232284927368164062e+01
1.362185955047607422e+01	1.176513385772705078e+01
1.336143875122070312e+01	1.187970447540283203e+01
1.332430362701416016e+01	1.197476673126220703e+01
1.347020721435546875e+01	1.195597076416015625e+01
1.394814014434814453e+01	1.222636413574218750e+01
1.377363872528076172e+01	1.249726009368896484e+01
1.635395812988281250e+01	1.373025608062744141e+01
1.416891479492187500e+01	1.205819320678710938e+01
1.612906837463378906e+01	1.363995742797851562e+01
1.620093727111816406e+01	1.369058036804199219e+01
1.633743286132812500e+01	1.403447151184082031e+01
1.603000068664550781e+01	1.392650985717773438e+01
1.479580593109130859e+01	1.386917304992675781e+01
1.436902904510498047e+01	1.362594509124755859e+01
1.440638637542724609e+01	1.340625476837158203e+01
1.402844238281250000e+01	1.338413524627685547e+01
1.346333122253417969e+01	1.334828186035156250e+01
1.370848083496093750e+01	1.343449020385742188e+01
1.363505458831787109e+01	1.362996006011962891e+01
1.350215721130371094e+01	1.377208328247070312e+01
1.479467201232910156e+01	1.478765964508056641e+01
1.502466964721679688e+01	1.465053272247314453e+01
1.657348251342773438e+01	1.433591079711914062e+01
1.655147171020507812e+01	1.420856094360351562e+01
1.645067024230957031e+01	1.419243335723876953e+01
1.643620491027832031e+01	1.429769706726074219e+01
1.140159893035888672e+01	1.340508556365966797e+01
1.129668807983398438e+01	1.361720371246337891e+01
1.150874996185302734e+01	1.357739639282226562e+01
1.160240650177001953e+01	1.345482826232910156e+01
1.164778900146484375e+01	1.335355091094970703e+01
1.167716312408447266e+01	1.365286922454833984e+01
1.210244560241699219e+01	1.368748664855957031e+01
1.198372840881347656e+01	1.378652191162109375e+01
1.227073097229003906e+01	1.390496253967285156e+01
1.224215984344482422e+01	1.384022045135498047e+01
1.351901054382324219e+01	1.258018493652343750e+01
1.329093933105468750e+01	1.252951812744140625e+01
1.254210376739501953e+01	1.181035518646240234e+01
1.243211174011230469e+01	1.163892555236816406e+01
1.268541622161865234e+01	1.190510559082031250e+01
1.269156742095947266e+01	1.189825630187988281e+01
1.500102424621582031e+01	1.425606060028076172e+01
1.522484493255615234e+01	1.430992412567138672e+01
1.530483913421630859e+01	1.447177028656005859e+01
1.529407691955566406e+01	1.408442974090576172e+01
1.578188991546630859e+01	1.425113964080810547e+01
1.552490615844726562e+01	1.423119449615478516e+01
1.587277793884277344e+01	1.412272167205810547e+01
1.549081325531005859e+01	1.383972358703613281e+01
1.598444843292236328e+01	1.420914459228515625e+01
1.499183464050292969e+01	1.424851799011230469e+01
1.482409858703613281e+01	1.385297107696533203e+01
1.493377113342285156e+01	1.393237686157226562e+01
1.516842746734619141e+01	1.360158443450927734e+01
1.514114284515380859e+01	1.364681434631347656e+01
1.494011592864990234e+01	1.505292701721191406e+01
1.498861885070800781e+01	1.508034420013427734e+01
1.564323806762695312e+01	1.500267887115478516e+01
1.600279617309570312e+01	1.482357788085937500e+01
1.614904785156250000e+01	1.466847896575927734e+01
1.569105339050292969e+01	1.504108142852783203e+01
1.532962608337402344e+01	1.502836608886718750e+01
1.509156608581542969e+01	1.520093727111816406e+01
1.411435604095458984e+01	1.504099369049072266e+01
1.388738441467285156e+01	1.496753025054931641e+01
1.363920021057128906e+01	1.469068336486816406e+01
1.372336673736572266e+01	1.483750057220458984e+01
1.108786106109619141e+01	1.196072483062744141e+01
1.091197395324707031e+01	1.182119083404541016e+01
1.126452922821044922e+01	1.219494342803955078e+01
1.098774719238281250e+01	1.162468242645263672e+01
1.398923492431640625e+01	1.447764968872070312e+01
1.118358421325683594e+01	1.259230804443359375e+01
1.439464092254638672e+01	1.451051807403564453e+01
1.415229034423828125e+01	1.440498065948486328e+01
1.131826114654541016e+01	1.153225040435791016e+01
1.135087394714355469e+01	1.130354595184326172e+01
1.339745235443115234e+01	1.065945720672607422e+01
1.168434715270996094e+01	1.104365444183349609e+01
1.356001949310302734e+01	1.060476589202880859e+01
1.349884796142578125e+01	1.044590854644775391e+01
1.323586463928222656e+01	1.045239925384521484e+01
1.281336593627929688e+01	1.041765499114990234e+01
1.260130119323730469e+01	1.046508979797363281e+01
1.227821826934814453e+01	1.051225280761718750e+01
1.173737335205078125e+01	1.073875141143798828e+01
1.151701736450195312e+01	1.061853885650634766e+01
1.201657009124755859e+01	1.081202793121337891e+01
1.212191581726074219e+01	1.051722621917724609e+01
1.269933414459228516e+01	1.072961902618408203e+01
1.230143260955810547e+01	1.087069988250732422e+01
1.242369842529296875e+01	1.082543945312500000e+01
1.116085147857666016e+01	1.093642520904541016e+01
1.095936679840087891e+01	1.081538772583007812e+01
1.089176845550537109e+01	1.092336845397949219e+01
1.287726211547851562e+01	1.105310916900634766e+01
1.263839530944824219e+01	1.096013355255126953e+01
