3.913200616836547852e+00	8.945099830627441406e+00
3.302033662796020508e+00	1.259562110900878906e+01
3.369038820266723633e+00	1.182143020629882812e+01
4.051459312438964844e+00	7.100580692291259766e+00
3.946390628814697266e+00	5.801311969757080078e+00
4.377551555633544922e+00	7.614733219146728516e+00
3.790276765823364258e+00	6.038054466247558594e+00
4.418767452239990234e+00	1.115550518035888672e+01
4.340186595916748047e+00	8.881140708923339844e+00
4.058464050292968750e+00	1.265366077423095703e+01
4.201843261718750000e+00	8.311690330505371094e+00
4.691030502319335938e+00	1.165973758697509766e+01
3.879843711853027344e+00	1.000695037841796875e+01
3.212559223175048828e+00	1.071693992614746094e+01
3.311420202255249023e+00	1.036651229858398438e+01
3.870779037475585938e+00	5.934589862823486328e+00
3.421277523040771484e+00	8.950471878051757812e+00
4.743494033813476562e+00	1.135087013244628906e+01
4.444170951843261719e+00	1.014521408081054688e+01
3.981625556945800781e+00	1.319304847717285156e+01
4.154398918151855469e+00	1.016031551361083984e+01
4.031477451324462891e+00	1.173694324493408203e+01
4.658116340637207031e+00	1.351027488708496094e+01
4.554383277893066406e+00	1.364012908935546875e+01
3.817075014114379883e+00	1.212286949157714844e+01
4.267483711242675781e+00	7.169589042663574219e+00
3.824478864669799805e+00	1.120798397064208984e+01
3.445975065231323242e+00	8.462143898010253906e+00
3.400758266448974609e+00	1.285202598571777344e+01
3.512787580490112305e+00	1.316778945922851562e+01
4.519473552703857422e+00	1.176105785369873047e+01
3.557807683944702148e+00	1.103065872192382812e+01
3.707773685455322266e+00	1.329284191131591797e+01
2.917853593826293945e+00	1.114466381072998047e+01
3.029538869857788086e+00	1.055480575561523438e+01
3.504150629043579102e+00	1.330715847015380859e+01
4.417206764221191406e+00	9.978477478027343750e+00
3.939755201339721680e+00	9.717557907104492188e+00
4.139651298522949219e+00	7.421725273132324219e+00
3.808948993682861328e+00	1.352549743652343750e+01
3.796638965606689453e+00	1.023111152648925781e+01
3.973829507827758789e+00	1.145975780487060547e+01
3.342266082763671875e+00	1.352566719055175781e+01
3.581922292709350586e+00	1.038265800476074219e+01
2.967029571533203125e+00	1.259420394897460938e+01
4.449999809265136719e+00	7.117188930511474609e+00
2.914545297622680664e+00	1.339818191528320312e+01
2.931950092315673828e+00	1.329374599456787109e+01
3.830634117126464844e+00	1.309210586547851562e+01
3.298680543899536133e+00	1.325932312011718750e+01
4.402421474456787109e+00	1.315401935577392578e+01
3.977775573730468750e+00	1.232131290435791016e+01
3.865648031234741211e+00	8.384231567382812500e+00
3.530248880386352539e+00	1.238578510284423828e+01
3.541958808898925781e+00	1.143818378448486328e+01
3.688114404678344727e+00	1.247603130340576172e+01
4.289096355438232422e+00	1.261863136291503906e+01
3.920454502105712891e+00	6.019406318664550781e+00
3.713595628738403320e+00	1.350242614746093750e+01
3.655555725097656250e+00	1.079233360290527344e+01
3.117230176925659180e+00	1.180780315399169922e+01
3.664493322372436523e+00	1.046307945251464844e+01
3.523185253143310547e+00	1.266835212707519531e+01
3.636889457702636719e+00	1.174810218811035156e+01
3.936447858810424805e+00	1.080251312255859375e+01
4.026838302612304688e+00	1.288666534423828125e+01
4.176323890686035156e+00	7.629191875457763672e+00
4.419466495513916016e+00	1.094952678680419922e+01
4.603599071502685547e+00	1.038263702392578125e+01
3.245119571685791016e+00	1.206987094879150391e+01
3.806029558181762695e+00	8.815258979797363281e+00
4.071524620056152344e+00	1.253986549377441406e+01
4.028837203979492188e+00	9.212106704711914062e+00
4.541425704956054688e+00	7.061842441558837891e+00
4.228259086608886719e+00	1.221758937835693359e+01
3.483087062835693359e+00	9.446764945983886719e+00
3.658493280410766602e+00	9.398278236389160156e+00
3.709428548812866211e+00	9.153315544128417969e+00
3.819311857223510742e+00	1.299956417083740234e+01
3.914331436157226562e+00	6.282160758972167969e+00
3.833332777023315430e+00	1.381867790222167969e+01
3.673025369644165039e+00	7.853085041046142578e+00
4.655016422271728516e+00	1.241950416564941406e+01
4.153165340423583984e+00	1.206840801239013672e+01
3.161268949508666992e+00	1.022042465209960938e+01
3.811603069305419922e+00	1.147769546508789062e+01
2.780912876129150391e+00	1.280748462677001953e+01
3.100840806961059570e+00	1.084006118774414062e+01
3.440987825393676758e+00	9.030382156372070312e+00
4.154665470123291016e+00	1.089605998992919922e+01
4.441818237304687500e+00	1.053712368011474609e+01
4.151243686676025391e+00	1.368222522735595703e+01
3.449626207351684570e+00	1.282202243804931641e+01
3.829069614410400391e+00	9.841950416564941406e+00
3.953235387802124023e+00	1.029213047027587891e+01
4.088248729705810547e+00	1.064645385742187500e+01
4.474779129028320312e+00	1.207310485839843750e+01
3.843622446060180664e+00	1.089289379119873047e+01
3.801716566085815430e+00	1.262944126129150391e+01
3.631345272064208984e+00	1.357092475891113281e+01
4.346403598785400391e+00	7.091568946838378906e+00
2.909522533416748047e+00	1.309105682373046875e+01
4.703041553497314453e+00	9.618984222412109375e+00
3.203980684280395508e+00	1.253489589691162109e+01
4.328116416931152344e+00	1.279992580413818359e+01
3.218016147613525391e+00	1.283867263793945312e+01
3.636736631393432617e+00	8.696752548217773438e+00
4.391551017761230469e+00	7.568312644958496094e+00
4.308314323425292969e+00	9.455046653747558594e+00
4.640541553497314453e+00	1.320667648315429688e+01
4.777290821075439453e+00	1.294223499298095703e+01
4.241228103637695312e+00	1.070373630523681641e+01
2.852024316787719727e+00	1.242993640899658203e+01
2.868252515792846680e+00	1.208676528930664062e+01
3.718191623687744141e+00	1.274371623992919922e+01
3.665805101394653320e+00	6.728658676147460938e+00
3.610330104827880859e+00	1.241747951507568359e+01
4.556520938873291016e+00	1.112054347991943359e+01
3.299585580825805664e+00	9.872651100158691406e+00
3.220526456832885742e+00	9.438945770263671875e+00
3.592031240463256836e+00	7.233870983123779297e+00
4.311944007873535156e+00	6.533864021301269531e+00
3.955662727355957031e+00	1.256054782867431641e+01
4.078491687774658203e+00	1.306924343109130859e+01
4.433415889739990234e+00	1.272525882720947266e+01
3.294595718383789062e+00	1.366247653961181641e+01
4.015479087829589844e+00	7.108393669128417969e+00
3.981572389602661133e+00	7.202792644500732422e+00
3.824922084808349609e+00	6.742403984069824219e+00
3.925941467285156250e+00	6.641395092010498047e+00
3.935845375061035156e+00	6.493414878845214844e+00
4.401829719543457031e+00	9.720286369323730469e+00
4.001553535461425781e+00	1.048776721954345703e+01
4.205718040466308594e+00	8.655542373657226562e+00
4.113137722015380859e+00	8.558744430541992188e+00
4.143715381622314453e+00	8.075031280517578125e+00
4.681210994720458984e+00	1.098289299011230469e+01
3.929432153701782227e+00	9.263040542602539062e+00
4.258674621582031250e+00	1.343287086486816406e+01
3.554955005645751953e+00	8.433655738830566406e+00
3.664497375488281250e+00	6.003171443939208984e+00
3.694485664367675781e+00	5.879515171051025391e+00
3.553876161575317383e+00	1.288027095794677734e+01
3.807701826095581055e+00	6.096807956695556641e+00
3.715280532836914062e+00	6.270428180694580078e+00
3.542273283004760742e+00	1.074820232391357422e+01
4.245251178741455078e+00	7.404153347015380859e+00
3.864095687866210938e+00	7.665476322174072266e+00
