2.245504570007324219e+01	4.911468029022216797e+00
2.244029426574707031e+01	4.400882244110107422e+00
2.367570495605468750e+01	4.818746566772460938e+00
2.422534370422363281e+01	5.907523632049560547e+00
2.204616546630859375e+01	3.950699567794799805e+00
2.371937179565429688e+01	5.763205528259277344e+00
2.054016113281250000e+01	2.695258855819702148e+00
2.066416740417480469e+01	3.045521020889282227e+00
2.081483459472656250e+01	3.081065893173217773e+00
2.401479530334472656e+01	5.797618865966796875e+00
2.268630218505859375e+01	5.732429504394531250e+00
2.025678634643554688e+01	3.293042898178100586e+00
2.250909233093261719e+01	5.795924663543701172e+00
2.006401443481445312e+01	3.284705877304077148e+00
2.016397285461425781e+01	3.353457927703857422e+00
2.119392395019531250e+01	4.129764556884765625e+00
2.093198585510253906e+01	3.942073583602905273e+00
2.230078697204589844e+01	5.212964057922363281e+00
2.393243598937988281e+01	5.331938266754150391e+00
2.141173553466796875e+01	2.854239225387573242e+00
2.465775108337402344e+01	6.433315277099609375e+00
2.211811447143554688e+01	5.274445056915283203e+00
2.292263984680175781e+01	4.571790695190429688e+00
2.147525024414062500e+01	3.491001844406127930e+00
2.222886848449707031e+01	3.590887308120727539e+00
2.177262306213378906e+01	3.407565116882324219e+00
2.079603385925292969e+01	2.892502069473266602e+00
2.313183021545410156e+01	4.873836994171142578e+00
2.094860649108886719e+01	2.628546237945556641e+00
2.110132980346679688e+01	2.673454046249389648e+00
2.296677780151367188e+01	4.808071613311767578e+00
2.366950988769531250e+01	6.536512374877929688e+00
2.291733169555664062e+01	6.013308048248291016e+00
2.491449356079101562e+01	6.336588382720947266e+00
2.425619888305664062e+01	6.780646324157714844e+00
2.448632812500000000e+01	6.686250686645507812e+00
2.485659790039062500e+01	5.968970298767089844e+00
2.304504013061523438e+01	5.577946186065673828e+00
2.144488143920898438e+01	4.758184909820556641e+00
2.291986274719238281e+01	3.616284847259521484e+00
2.146861648559570312e+01	5.131114006042480469e+00
2.295323371887207031e+01	4.011823177337646484e+00
2.329267120361328125e+01	4.261974334716796875e+00
2.154258728027343750e+01	2.912461519241333008e+00
2.408340454101562500e+01	4.726938247680664062e+00
2.420421218872070312e+01	4.883137702941894531e+00
2.391328620910644531e+01	6.270553112030029297e+00
2.199174499511718750e+01	4.745379447937011719e+00
2.208190536499023438e+01	5.674401760101318359e+00
2.360645866394042969e+01	5.617586135864257812e+00
2.429501724243164062e+01	5.974656581878662109e+00
2.392130470275878906e+01	5.149177551269531250e+00
2.474310493469238281e+01	5.551894664764404297e+00
2.211569786071777344e+01	4.413221359252929688e+00
2.189109611511230469e+01	2.966270685195922852e+00
2.435307121276855469e+01	5.532047748565673828e+00
2.221314048767089844e+01	4.946743965148925781e+00
2.355909347534179688e+01	5.126410484313964844e+00
2.485598754882812500e+01	5.631526947021484375e+00
2.165679931640625000e+01	3.768876791000366211e+00
2.205799484252929688e+01	3.462867021560668945e+00
2.340090370178222656e+01	5.983149051666259766e+00
2.181607627868652344e+01	4.406064033508300781e+00
2.412222862243652344e+01	6.434351444244384766e+00
2.310522079467773438e+01	5.728232383728027344e+00
2.128790855407714844e+01	4.543190002441406250e+00
2.385719680786132812e+01	5.882824420928955078e+00
2.309677696228027344e+01	5.243247509002685547e+00
2.471959686279296875e+01	5.985252857208251953e+00
2.197470092773437500e+01	3.297408342361450195e+00
2.486677360534667969e+01	6.678359031677246094e+00
2.267410087585449219e+01	5.202629566192626953e+00
2.352001762390136719e+01	5.520468711853027344e+00
