5.607008457183837891e+00	1.085366457700729370e-01
5.474432945251464844e+00	5.585641786456108093e-02
5.802614212036132812e+00	2.155849635601043701e-01
6.267457485198974609e+00	-1.257347941398620605e+00
6.061614513397216797e+00	1.111786961555480957e+00
6.827150821685791016e+00	2.831117212772369385e-01
4.971196174621582031e+00	2.750565052032470703e+00
5.278074741363525391e+00	2.800563812255859375e+00
5.052329063415527344e+00	3.063889503479003906e+00
4.945617198944091797e+00	-5.764871835708618164e-01
4.505573749542236328e+00	-1.597139425575733185e-02
5.314073562622070312e+00	3.070047855377197266e+00
5.632849693298339844e+00	1.724433779716491699e+00
5.214397430419921875e+00	3.186983585357666016e+00
4.798864364624023438e+00	2.973957300186157227e+00
6.577438354492187500e+00	1.977649569511413574e+00
5.919557571411132812e+00	2.304254293441772461e+00
6.512614250183105469e+00	-4.492338001728057861e-01
6.100205421447753906e+00	-3.108342587947845459e-01
5.557849407196044922e+00	2.187332868576049805e+00
7.465123176574707031e+00	-6.131892204284667969e-01
7.182930469512939453e+00	-1.368347834795713425e-02
4.988618373870849609e+00	4.624675810337066650e-01
5.987853050231933594e+00	-6.944010257720947266e-01
5.163464546203613281e+00	1.836923718452453613e+00
4.521639347076416016e+00	2.007506847381591797e+00
4.531172752380371094e+00	2.528969049453735352e+00
4.897694110870361328e+00	-2.595202922821044922e-01
4.362647533416748047e+00	2.316103696823120117e+00
5.217956066131591797e+00	2.380100488662719727e+00
5.713944435119628906e+00	1.367642045021057129e+00
5.759747028350830078e+00	-1.697335362434387207e+00
5.755525112152099609e+00	-1.300500392913818359e+00
5.519170761108398438e+00	-1.022733807563781738e+00
5.157181739807128906e+00	-1.252233743667602539e+00
5.262454509735107422e+00	-1.241156339645385742e+00
7.185256481170654297e+00	-3.843534588813781738e-01
4.384539604187011719e+00	4.365423619747161865e-01
4.764907360076904297e+00	1.236202716827392578e+00
4.367422103881835938e+00	7.502295374870300293e-01
6.745162487030029297e+00	1.600783348083496094e+00
6.677228927612304688e+00	1.638421654701232910e+00
6.463518619537353516e+00	9.739567339420318604e-02
4.997725486755371094e+00	2.214801311492919922e+00
6.313296318054199219e+00	4.953908026218414307e-01
6.390331268310546875e+00	7.288377881050109863e-01
6.637830734252929688e+00	-9.185575842857360840e-01
5.722903728485107422e+00	1.825094580650329590e+00
6.053796291351318359e+00	-4.109613969922065735e-02
5.385187149047851562e+00	5.874370932579040527e-01
6.648577213287353516e+00	-1.079604268074035645e+00
6.488708496093750000e+00	-7.780121564865112305e-01
5.619055747985839844e+00	-1.208849906921386719e+00
5.548230648040771484e+00	9.297763705253601074e-01
5.241699695587158203e+00	1.549910426139831543e+00
6.973019599914550781e+00	-1.185355544090270996e+00
6.146424293518066406e+00	1.069101572036743164e+00
5.277658939361572266e+00	-5.313104018568992615e-02
6.591773986816406250e+00	-6.170822307467460632e-02
5.307012557983398438e+00	1.283609628677368164e+00
5.130406379699707031e+00	1.089246273040771484e+00
6.927225589752197266e+00	-1.661942452192306519e-01
5.764911174774169922e+00	-3.679481446743011475e-01
6.701717376708984375e+00	-1.527912616729736328e+00
5.449678421020507812e+00	-3.729583323001861572e-01
4.914898872375488281e+00	1.523506402969360352e+00
5.804963111877441406e+00	-7.765800952911376953e-01
6.044408321380615234e+00	-1.116165161132812500e+00
6.372718811035156250e+00	-1.614441394805908203e+00
4.854084014892578125e+00	1.716975450515747070e+00
6.225106239318847656e+00	-5.646739602088928223e-01
6.884479999542236328e+00	-6.327187418937683105e-01
6.827518939971923828e+00	6.727473735809326172e-01
