2.449666786193847656e+01	1.185309028625488281e+01
2.374733161926269531e+01	1.051490211486816406e+01
2.472235107421875000e+01	1.271894168853759766e+01
2.554740142822265625e+01	1.300238800048828125e+01
2.822629928588867188e+01	1.263042354583740234e+01
2.852951240539550781e+01	1.210464477539062500e+01
2.865143013000488281e+01	1.089059734344482422e+01
-1.493689918518066406e+01	-1.333412837982177734e+01
-1.487579917907714844e+01	-1.372077751159667969e+01
-3.159551239013671875e+01	-3.576015853881835938e+01
-3.172200202941894531e+01	-3.689193344116210938e+01
-3.170795822143554688e+01	-3.748785018920898438e+01
2.451550674438476562e+01	5.323369503021240234e+00
-3.155665397644042969e+01	-3.895848464965820312e+01
2.484386634826660156e+01	6.406676292419433594e+00
2.525691986083984375e+01	5.470302581787109375e+00
-4.483330726623535156e+00	-1.443630599975585938e+01
-4.170874118804931641e+00	-1.358849430084228516e+01
-7.961310863494873047e+00	-1.360841751098632812e+01
-5.292273998260498047e+00	-1.414304828643798828e+01
-8.477082252502441406e+00	-1.347839260101318359e+01
-9.751020431518554688e+00	-1.285479259490966797e+01
-9.199810028076171875e+00	-9.746301651000976562e+00
-9.789213180541992188e+00	-9.743802070617675781e+00
-7.469086170196533203e+00	-7.992887496948242188e+00
-4.996449947357177734e+00	-8.467627525329589844e+00
-5.777655124664306641e+00	-6.916151046752929688e+00
-5.737152099609375000e+00	-6.892560482025146484e+00
2.678616142272949219e+01	1.943649291992187500e+01
2.718278694152832031e+01	1.887878608703613281e+01
2.752549743652343750e+01	1.801904869079589844e+01
-3.400761795043945312e+01	-2.711507987976074219e+01
-3.479679870605468750e+01	-2.696996307373046875e+01
-3.460919570922851562e+01	-2.796740913391113281e+01
2.960442161560058594e+01	2.274246406555175781e+01
2.988125991821289062e+01	2.209140205383300781e+01
2.633728027343750000e+01	3.549648666381835938e+01
2.903417587280273438e+01	2.365572547912597656e+01
2.561948966979980469e+01	3.464398574829101562e+01
2.546675491333007812e+01	3.570299530029296875e+01
1.305844593048095703e+01	4.383589267730712891e+00
1.277244567871093750e+01	3.868317604064941406e+00
1.165128707885742188e+01	1.059417366981506348e+00
1.216965866088867188e+01	2.634022712707519531e+00
1.047028255462646484e+01	-4.418860673904418945e-01
1.054600048065185547e+01	-1.166271090507507324e+00
1.275021362304687500e+01	-3.321295976638793945e+00
1.322724533081054688e+01	-3.667620182037353516e+00
1.619285774230957031e+01	-1.446601986885070801e+00
1.459210968017578125e+01	-2.117654800415039062e+00
1.663874816894531250e+01	-1.507402062416076660e+00
1.777251243591308594e+01	-2.877919197082519531e+00
1.996818542480468750e+01	-1.965961605310440063e-02
1.982059478759765625e+01	-7.538641095161437988e-01
2.201099586486816406e+01	3.451796722412109375e+01
1.982389259338378906e+01	9.059994816780090332e-01
2.114225769042968750e+01	3.392393875122070312e+01
2.125997352600097656e+01	3.500139999389648438e+01
1.906158065795898438e+01	3.286011505126953125e+01
1.863799667358398438e+01	3.215224838256835938e+01
2.203805923461914062e+01	3.107903861999511719e+01
1.967117691040039062e+01	3.173980522155761719e+01
2.279267883300781250e+01	3.079750251770019531e+01
2.204686927795410156e+01	2.992109107971191406e+01
2.017476463317871094e+01	1.716057777404785156e+01
2.022778701782226562e+01	1.795088386535644531e+01
1.920771598815917969e+01	1.785036087036132812e+01
1.757012557983398438e+01	1.526812839508056641e+01
1.677137565612792969e+01	1.623673057556152344e+01
1.688184928894042969e+01	1.512062168121337891e+01
1.754901695251464844e+01	9.832228660583496094e+00
1.697999000549316406e+01	1.024474334716796875e+01
1.389379787445068359e+01	1.197611713409423828e+01
1.675070571899414062e+01	8.986086845397949219e+00
1.348251724243164062e+01	1.278537559509277344e+01
1.299127960205078125e+01	1.165183830261230469e+01
1.216941833496093750e+01	1.049276638031005859e+01
2.874343395233154297e+00	1.347865462303161621e+00
2.468559980392456055e+00	8.611346483230590820e-01
6.062316894531250000e-01	-1.638623476028442383e+00
1.145838856697082520e+00	-2.814762353897094727e+00
1.323705792427062988e+00	-1.783020615577697754e+00
5.485746860504150391e+00	-3.605816841125488281e+00
5.907361030578613281e+00	-3.786691427230834961e+00
2.473333120346069336e+00	-5.721468925476074219e+00
2.540193557739257812e+00	-7.283037662506103516e+00
3.210452318191528320e+00	-7.306078910827636719e+00
2.935602903366088867e+00	-8.511914253234863281e+00
4.997666835784912109e+00	-1.021884346008300781e+01
5.045434474945068359e+00	-1.076378631591796875e+01
8.291158676147460938e+00	-9.021033287048339844e+00
5.015684127807617188e+00	-1.227718734741210938e+01
9.015789985656738281e+00	-8.720320701599121094e+00
9.151510238647460938e+00	-9.713233947753906250e+00
1.038444137573242188e+01	-1.327962684631347656e+01
1.055866909027099609e+01	-1.409581661224365234e+01
1.149893760681152344e+01	-1.358187389373779297e+01
1.434004783630371094e+01	-1.309172344207763672e+01
1.508117103576660156e+01	-1.223616790771484375e+01
1.514185237884521484e+01	-1.325474452972412109e+01
7.890021324157714844e+00	3.663490295410156250e+01
8.147227287292480469e+00	3.728356170654296875e+01
9.220006942749023438e+00	3.689756011962890625e+01
1.150092029571533203e+01	3.830931854248046875e+01
1.195163822174072266e+01	3.859786605834960938e+01
1.127654266357421875e+01	3.978649139404296875e+01
2.887753295898437500e+01	3.439463806152343750e+01
2.970514488220214844e+01	3.382597351074218750e+01
2.869923210144042969e+01	3.328673934936523438e+01
3.000293731689453125e+01	3.140298843383789062e+01
2.891940689086914062e+01	3.089721298217773438e+01
2.992327880859375000e+01	3.041305732727050781e+01
2.719086265563964844e+01	3.132592964172363281e+01
2.633352470397949219e+01	3.134281730651855469e+01
2.663550949096679688e+01	3.021700859069824219e+01
-3.334908676147460938e+01	2.546188592910766602e+00
-3.315671539306640625e+01	1.724500060081481934e+00
-3.397819137573242188e+01	1.344119191169738770e+00
-3.579142761230468750e+01	-9.502568840980529785e-01
-3.665373229980468750e+01	-9.602232575416564941e-01
-3.624950027465820312e+01	-1.937500953674316406e+00
-3.558814620971679688e+01	-5.314088344573974609e+00
-3.422365188598632812e+01	-5.368633747100830078e+00
-3.504893493652343750e+01	-4.778881549835205078e+00
-3.100705528259277344e+01	-4.376631259918212891e+00
-3.123605918884277344e+01	-5.169131755828857422e+00
-2.639289283752441406e+01	-4.972541809082031250e+00
-3.005524826049804688e+01	-4.880165100097656250e+00
-2.599757766723632812e+01	-6.084707736968994141e+00
-2.695730209350585938e+01	-5.479547023773193359e+00
-2.663286209106445312e+01	-9.129482269287109375e+00
-2.628971481323242188e+01	-8.835182189941406250e+00
-3.013552284240722656e+01	-1.327464485168457031e+01
-2.937265014648437500e+01	-1.146436786651611328e+01
-3.092081069946289062e+01	-1.326313686370849609e+01
-3.070309829711914062e+01	-1.426341533660888672e+01
-3.066006660461425781e+01	-2.194908142089843750e+01
-3.061607742309570312e+01	-2.242861938476562500e+01
-2.748923492431640625e+01	-1.766512107849121094e+01
-2.904653358459472656e+01	-1.715095520019531250e+01
-2.721272277832031250e+01	-1.709930038452148438e+01
-2.619096565246582031e+01	-1.789117622375488281e+01
-2.400879669189453125e+01	-1.493598937988281250e+01
-2.399712181091308594e+01	-1.576268768310546875e+01
-2.304487800598144531e+01	-1.515909671783447266e+01
-2.023124885559082031e+01	-1.637523269653320312e+01
-1.631254386901855469e+01	-6.676917552947998047e+00
-1.987221527099609375e+01	-1.592730903625488281e+01
-1.461971282958984375e+01	-5.258794784545898438e+00
-1.530134391784667969e+01	-5.471314907073974609e+00
-1.522852897644042969e+01	-4.359374046325683594e+00
-1.712709426879882812e+01	-1.401370048522949219e+00
-1.600449180603027344e+01	-9.874030947685241699e-01
-1.726625633239746094e+01	-6.490079760551452637e-01
-1.187072277069091797e+01	-4.654860198497772217e-01
-1.273106861114501953e+01	-4.215326011180877686e-01
-1.235715961456298828e+01	5.535284280776977539e-01
-1.249209499359130859e+01	2.178230762481689453e+00
-1.346168613433837891e+01	3.628494262695312500e+00
-1.440427303314208984e+01	4.709197998046875000e+00
-7.412602901458740234e+00	2.055303812026977539e+00
-8.221159934997558594e+00	2.161208868026733398e+00
-7.810993194580078125e+00	1.143846750259399414e+00
1.665411376953125000e+01	-2.475699043273925781e+01
1.539664077758789062e+01	-2.444367027282714844e+01
1.626786422729492188e+01	-2.401819610595703125e+01
1.288934993743896484e+01	-2.614504241943359375e+01
1.260559749603271484e+01	-2.689357566833496094e+01
1.022946453094482422e+01	-2.296172142028808594e+01
1.167998027801513672e+01	-2.636838912963867188e+01
9.926841735839843750e+00	-2.174451255798339844e+01
1.066555309295654297e+01	-2.229166793823242188e+01
1.446318912506103516e+01	2.198638534545898438e+01
1.368317413330078125e+01	2.219945335388183594e+01
1.420639324188232422e+01	2.305668830871582031e+01
1.476487350463867188e+01	2.573818778991699219e+01
1.673203849792480469e+01	2.651929664611816406e+01
1.511674118041992188e+01	2.625111389160156250e+01
1.831791496276855469e+01	2.513414764404296875e+01
1.799591827392578125e+01	2.444401359558105469e+01
2.129745483398437500e+01	2.629835128784179688e+01
1.842850875854492188e+01	2.353359794616699219e+01
2.218661880493164062e+01	2.549109268188476562e+01
2.124584770202636719e+01	2.543812179565429688e+01
2.229571342468261719e+01	2.296333503723144531e+01
2.292792320251464844e+01	2.250759506225585938e+01
2.204321098327636719e+01	2.189109420776367188e+01
-6.678614139556884766e+00	1.973465347290039062e+01
-6.010107517242431641e+00	1.827629661560058594e+01
-6.123424530029296875e+00	1.928985595703125000e+01
-7.960358619689941406e+00	1.560052680969238281e+01
-8.328538894653320312e+00	1.617977523803710938e+01
-1.211607551574707031e+01	1.682679557800292969e+01
-9.345910072326660156e+00	1.574559307098388672e+01
-1.247712421417236328e+01	1.774469184875488281e+01
-1.311885738372802734e+01	1.694170379638671875e+01
-1.492151832580566406e+01	2.041373825073242188e+01
-1.556048679351806641e+01	2.098653221130371094e+01
-1.263630199432373047e+01	2.383269119262695312e+01
-1.466537475585937500e+01	2.153649711608886719e+01
-1.275944614410400391e+01	2.428454208374023438e+01
-1.187831878662109375e+01	2.577972984313964844e+01
-8.511052131652832031e+00	2.681995964050292969e+01
-9.122704505920410156e+00	2.674911880493164062e+01
-3.639883995056152344e+00	2.742493629455566406e+01
-6.190863132476806641e+00	2.707131195068359375e+01
-3.251180171966552734e+00	2.811058616638183594e+01
-2.513561010360717773e+00	2.738435363769531250e+01
1.021204113960266113e+00	2.719734954833984375e+01
5.761825442314147949e-01	2.678977966308593750e+01
3.237488508224487305e+00	2.850439834594726562e+01
3.985044956207275391e+00	3.008378982543945312e+01
4.714058876037597656e+00	2.991742706298828125e+01
3.307276964187622070e+00	3.140128517150878906e+01
2.972292423248291016e+00	3.192048263549804688e+01
2.352366828918457031e+01	-8.774967193603515625e+00
-9.035167694091796875e+00	3.405045318603515625e+01
2.319830894470214844e+01	-9.290528297424316406e+00
-1.012751674652099609e+01	3.420766448974609375e+01
-9.329401016235351562e+00	3.481409454345703125e+01
9.013236045837402344e+00	2.990719032287597656e+01
9.068391799926757812e+00	2.907650947570800781e+01
1.326960563659667969e+01	3.099510765075683594e+01
9.989429473876953125e+00	2.970810127258300781e+01
1.432491016387939453e+01	3.133356285095214844e+01
1.343002033233642578e+01	3.178132438659667969e+01
1.771350204944610596e-02	1.680230903625488281e+01
-5.544909834861755371e-01	1.721932983398437500e+01
9.826571494340896606e-02	1.579063415527343750e+01
-3.012256026268005371e-01	1.320157814025878906e+01
-7.077292203903198242e-01	1.298981857299804688e+01
-2.951407432556152344e+00	1.019471168518066406e+01
-1.457880258560180664e+00	8.574042320251464844e+00
-2.106060504913330078e+00	8.561994552612304688e+00
2.444853067398071289e+00	9.689756393432617188e+00
1.525115221738815308e-01	9.134829521179199219e+00
2.990199565887451172e+00	9.958990097045898438e+00
3.546596765518188477e+00	8.946448326110839844e+00
-2.052321624755859375e+01	-3.831861877441406250e+01
-2.119145965576171875e+01	-3.865114593505859375e+01
-2.177599334716796875e+01	-2.419088172912597656e+01
-2.189665412902832031e+01	-3.809069824218750000e+01
6.902903079986572266e+00	1.400808715820312500e+01
-2.142674255371093750e+01	-2.392813110351562500e+01
5.571267604827880859e+00	1.551189613342285156e+01
5.549434661865234375e+00	1.485323905944824219e+01
8.432992935180664062e+00	1.767368507385253906e+01
6.683609485626220703e+00	1.606003189086914062e+01
9.014683723449707031e+00	1.821516799926757812e+01
8.159283638000488281e+00	1.878849792480468750e+01
7.328356266021728516e+00	2.145732116699218750e+01
7.042755603790283203e+00	2.106409835815429688e+01
-2.681111907958984375e+01	-2.847783851623535156e+01
-2.779377746582031250e+01	-3.034461784362792969e+01
-2.765593910217285156e+01	-2.997388648986816406e+01
-2.798109054565429688e+01	-3.147076034545898438e+01
-2.532224845886230469e+01	-3.269956970214843750e+01
-2.579761886596679688e+01	-3.371483612060546875e+01
-2.222299957275390625e+01	-3.029644775390625000e+01
-2.619602394104003906e+01	-3.455825424194335938e+01
-5.259194374084472656e+00	-3.525589752197265625e+01
-2.190927124023437500e+01	-2.998855018615722656e+01
-6.885929584503173828e+00	-3.586715698242187500e+01
-6.715665340423583984e+00	-3.513739395141601562e+01
-7.739506721496582031e+00	-3.489685058593750000e+01
-1.125826930999755859e+01	-3.359060287475585938e+01
-1.223172950744628906e+01	-3.342486953735351562e+01
-1.333578014373779297e+01	-3.322084808349609375e+01
-1.692819213867187500e+01	-3.203327560424804688e+01
-1.763057136535644531e+01	-3.253551483154296875e+01
-1.153625869750976562e+01	-2.288913345336914062e+01
-1.635338401794433594e+01	-3.139310836791992188e+01
-1.072696208953857422e+01	-2.264242362976074219e+01
-1.081166172027587891e+01	-2.363288688659667969e+01
-1.209221553802490234e+01	-2.732572555541992188e+01
-1.286027431488037109e+01	-2.766519927978515625e+01
-8.328524589538574219e+00	-2.744925880432128906e+01
-1.112561225891113281e+01	-2.696103858947753906e+01
-6.674769401550292969e+00	-2.752050781250000000e+01
-7.301753520965576172e+00	-2.707990264892578125e+01
-6.091513156890869141e+00	-2.597476005554199219e+01
-2.953378295898437500e+01	-4.673566055297851562e+01
-3.442968606948852539e+00	-2.422806358337402344e+01
-2.953605079650878906e+01	-4.673259735107421875e+01
-2.996795415878295898e+00	-2.354167175292968750e+01
-3.925653457641601562e+00	-2.325561332702636719e+01
-2.824067878723144531e+01	-4.129045486450195312e+01
-2.823322105407714844e+01	-4.075096130371093750e+01
1.079632997512817383e+00	-2.804232788085937500e+01
-8.136172890663146973e-01	-2.939874267578125000e+01
1.485429406166076660e+00	-2.732722091674804688e+01
3.926101624965667725e-01	-2.722134590148925781e+01
2.509935379028320312e+00	-2.259941673278808594e+01
2.009644508361816406e+00	-2.395706558227539062e+01
1.860137557983398438e+01	2.876064682006835938e+01
2.917160749435424805e+00	-2.244597434997558594e+01
