3.615601730346679688e+01	3.149003601074218750e+01
2.293292999267578125e+00	1.163099288940429688e+01
1.126442623138427734e+01	1.083180141448974609e+01
7.332427978515625000e+01	2.138684654235839844e+01
9.364837646484375000e+01	4.198695755004882812e+01
-5.116832733154296875e+01	-3.601979446411132812e+01
-6.831614685058593750e+01	-5.689022827148437500e+01
2.842900276184082031e+01	3.723530960083007812e+01
4.427588653564453125e+01	3.116121482849121094e+01
-7.446127414703369141e+00	-2.274353408813476562e+01
5.087929916381835938e+01	3.685751342773437500e+01
-2.386048126220703125e+01	-9.580175399780273438e+00
1.196813964843750000e+01	3.396691894531250000e+01
2.063618850708007812e+01	3.212658691406250000e+01
2.191741561889648438e+01	2.592818832397460938e+01
8.571770477294921875e+01	3.124150085449218750e+01
-5.750378036499023438e+01	-2.187211799621582031e+01
1.380004215240478516e+01	1.787444686889648438e+01
2.853629493713378906e+01	2.861552429199218750e+01
-1.048915672302246094e+01	-6.655986785888671875e+00
2.877300643920898438e+01	2.219044494628906250e+01
2.529241371154785156e+01	-1.840783357620239258e+00
-1.849208450317382812e+01	1.212762641906738281e+01
4.404167652130126953e+00	-8.268671989440917969e+00
2.173815727233886719e+01	-1.490250301361083984e+01
6.002872467041015625e+01	3.474337387084960938e+01
-3.166304016113281250e+01	-1.855236816406250000e+01
5.067599868774414062e+01	2.846916007995605469e+01
3.581099700927734375e+01	-5.967545986175537109e+00
1.892011642456054688e+01	1.441615772247314453e+01
-8.398106575012207031e+00	2.596808195114135742e+00
1.735038995742797852e+00	3.955249023437500000e+01
-4.100227737426757812e+01	-1.958460807800292969e+01
-1.961346817016601562e+01	4.526484489440917969e+00
-3.775426864624023438e+01	-2.649161148071289062e+01
3.540668106079101562e+01	2.380576515197753906e+01
6.290820693969726562e+01	3.021213531494140625e+01
1.417434024810791016e+01	-5.685426712036132812e+00
2.525519371032714844e+01	9.844554901123046875e+00
-9.545975685119628906e+00	-3.556419754028320312e+01
-3.306903839111328125e+01	2.643132781982421875e+01
-4.270600509643554688e+01	-4.009463119506835938e+01
-5.746151351928710938e+01	-5.149584197998046875e+01
-3.228373336791992188e+01	1.235410785675048828e+01
-2.721685981750488281e+01	7.776969432830810547e+00
-1.890834808349609375e+01	3.374407577514648438e+01
-4.460403442382812500e+00	-8.172198295593261719e+00
-1.643210220336914062e+01	-2.576198577880859375e+01
-5.783314514160156250e+01	-3.457640457153320312e+01
-1.063645648956298828e+01	-1.488596439361572266e+00
-2.699851036071777344e+01	-1.586196899414062500e+00
-2.019610214233398438e+01	-2.271594762802124023e+00
8.712310791015625000e+01	3.794696426391601562e+01
-4.439830780029296875e+01	-1.171481513977050781e+01
7.025060653686523438e+00	2.373071289062500000e+01
-2.007466077804565430e+00	1.914093971252441406e+01
5.943735885620117188e+01	2.440284538269042969e+01
4.086917877197265625e+01	4.000958251953125000e+01
-1.449168682098388672e+01	2.233277130126953125e+01
1.552995681762695312e+01	2.561079597473144531e+01
-5.034680938720703125e+01	-3.860904932022094727e+00
-4.968690109252929688e+01	-2.889171028137207031e+01
-2.395731735229492188e+01	1.955414390563964844e+01
8.018525695800781250e+01	3.733146286010742188e+01
-9.608222007751464844e+00	-1.417672824859619141e+01
6.445565795898437500e+01	1.724871444702148438e+01
-1.619944381713867188e+01	-1.167469882965087891e+01
1.824732208251953125e+01	4.244103240966796875e+01
-1.516351127624511719e+01	-4.396821498870849609e+00
-5.523526000976562500e+01	-2.837065887451171875e+01
2.640634727478027344e+01	1.711145019531250000e+01
-6.730661773681640625e+01	-1.767914962768554688e+01
-9.796872138977050781e-01	-2.562681674957275391e+00
-6.109822750091552734e+00	-2.005519628524780273e+00
4.203086090087890625e+01	2.215038490295410156e+01
-4.953965759277343750e+01	-2.047451400756835938e+01
2.198447418212890625e+01	2.000386238098144531e+01
-9.990083694458007812e+00	1.460719871520996094e+01
6.638577270507812500e+01	3.894472122192382812e+01
-5.658788204193115234e+00	2.879312896728515625e+01
3.079150772094726562e+01	4.722979736328125000e+01
-2.150897026062011719e+01	-1.806763458251953125e+01
-5.694025993347167969e+00	7.973073005676269531e+00
1.426868724822998047e+01	-2.708131408691406250e+01
6.719187164306640625e+01	3.283708953857421875e+01
-5.679596328735351562e+01	-1.193665122985839844e+01
-1.462190151214599609e+01	1.334885597229003906e+00
1.803085708618164062e+01	6.433562278747558594e+00
-3.383284378051757812e+01	-8.181654930114746094e+00
-3.704087448120117188e+01	-8.726851463317871094e+00
8.031850814819335938e+00	-1.679284286499023438e+01
7.370599365234375000e+01	3.909446716308593750e+01
-3.646989440917968750e+01	1.576450228691101074e+00
4.251056289672851562e+01	1.314386463165283203e+01
-5.416504287719726562e+01	-4.337366867065429688e+01
7.009059906005859375e+01	4.637820816040039062e+01
-6.207183456420898438e+01	-4.616412734985351562e+01
1.035353355109691620e-02	4.117060184478759766e+00
2.201044321060180664e+00	-2.768436622619628906e+01
-1.815609216690063477e+00	-1.561418437957763672e+01
-1.281459522247314453e+01	6.763568878173828125e+00
7.384937286376953125e+01	2.955144119262695312e+01
-7.128566741943359375e+01	-4.376865386962890625e+01
8.275446319580078125e+01	4.538676452636718750e+01
-6.891823577880859375e+01	-4.751819610595703125e+01
-4.531238174438476562e+01	-2.549502754211425781e+01
-4.452044296264648438e+01	1.074670600891113281e+01
-6.414389038085937500e+01	-2.917496109008789062e+01
5.822358703613281250e+01	4.346397399902343750e+01
3.305683898925781250e+01	9.491632461547851562e+00
3.254537582397460938e+01	1.473132705688476562e+01
-4.470410919189453125e+01	-3.107644653320312500e+01
5.138563919067382812e+01	1.879191207885742188e+01
9.119802093505859375e+01	3.433066940307617188e+01
9.676541137695312500e+01	3.439102554321289062e+01
7.279238700866699219e+00	9.802712202072143555e-01
9.213488769531250000e+01	2.802835655212402344e+01
-7.270219421386718750e+01	-5.257556152343750000e+01
-2.974412536621093750e+01	-3.244086837768554688e+01
6.702554321289062500e+01	2.780529403686523438e+01
-6.361371994018554688e+01	-3.827855300903320312e+01
