-1.634618568420410156e+01	-2.443955421447753906e+01
-5.504417419433593750e+00	-4.790402889251708984e+00
2.017894506454467773e+00	-8.524434089660644531e+00
-2.824754333496093750e+01	-5.630143356323242188e+01
-2.795791244506835938e+01	-7.290582275390625000e+01
1.225932884216308594e+01	5.330366134643554688e+01
3.144387435913085938e+01	6.134159088134765625e+01
-9.570402145385742188e+00	-1.653317070007324219e+01
-1.163534069061279297e+01	-3.468473434448242188e+01
-5.096129894256591797e+00	1.434776973724365234e+01
-1.514696884155273438e+01	-4.027331542968750000e+01
1.892043495178222656e+01	1.899614143371582031e+01
9.837441444396972656e+00	-3.010424613952636719e+01
1.210347652435302734e+00	-2.711602020263671875e+01
-1.705392241477966309e+00	-2.213354873657226562e+01
-2.549157905578613281e+01	-6.708065795898437500e+01
5.315778851509094238e-01	5.151794815063476562e+01
2.134500026702880859e+00	-1.378859996795654297e+01
2.264703989028930664e+00	-3.437045669555664062e+01
5.269857406616210938e+00	7.538897514343261719e+00
-6.985650539398193359e+00	-2.210548591613769531e+01
-1.991840934753417969e+01	-7.411830425262451172e+00
-1.398580455780029297e+01	9.103922843933105469e+00
-6.267761707305908203e+00	1.644801735877990723e+00
1.883994674682617188e+01	-1.524958705902099609e+01
-1.411177730560302734e+01	-4.680613708496093750e+01
1.313098812103271484e+01	2.288459205627441406e+01
-8.117027282714843750e+00	-4.305810165405273438e+01
-1.117165470123291016e+01	-8.972355842590332031e+00
-3.338599205017089844e+00	-1.126128101348876953e+01
-3.090711236000061035e-01	1.878444552421569824e+00
9.027011871337890625e+00	-1.323264694213867188e+01
1.721877670288085938e+01	2.939445114135742188e+01
1.049939346313476562e+01	-9.445846676826477051e-01
1.650998353958129883e+00	4.074626159667968750e+01
-1.083065128326416016e+01	-2.759190559387207031e+01
-1.955298042297363281e+01	-4.604848861694335938e+01
-2.986781120300292969e+01	-3.180184841156005859e+00
-4.946395397186279297e+00	-2.834159469604492188e+01
8.992420434951782227e-01	1.742445373535156250e+01
3.762084579467773438e+01	-5.076676368713378906e+00
8.585117340087890625e+00	4.677407073974609375e+01
2.216553878784179688e+01	5.746250915527343750e+01
-1.071648788452148438e+01	1.942414665222167969e+01
1.479039669036865234e+01	1.133561992645263672e+01
-2.976710128784179688e+01	1.109969139099121094e+01
5.249351263046264648e-01	-3.215638637542724609e+00
3.214393997192382812e+01	7.446722507476806641e+00
2.045120811462402344e+01	4.201102828979492188e+01
3.628656387329101562e+00	3.795437097549438477e+00
-3.480513811111450195e+00	2.433158683776855469e+01
1.719768762588500977e+00	1.097427177429199219e+01
-2.013635063171386719e+01	-6.612269592285156250e+01
1.030857563018798828e+01	2.898955917358398438e+01
1.811180305480957031e+01	-2.458039283752441406e+01
-7.035864830017089844e+00	8.001385688781738281e+00
-2.903381919860839844e+01	-4.772499084472656250e+01
-2.462117958068847656e+01	-2.971407508850097656e+01
2.148565483093261719e+01	-7.218514919281005859e+00
-2.572303199768066406e+01	-1.807353782653808594e+01
2.574432373046875000e+01	2.860413932800292969e+01
1.335541534423828125e+01	3.980886840820312500e+01
-1.876291847229003906e+01	2.587364006042480469e+01
-1.497424030303955078e+01	-6.296669769287109375e+01
1.692297554016113281e+01	-9.640935659408569336e-01
-2.321825981140136719e+01	-4.046297073364257812e+01
2.246819877624511719e+01	4.864850997924804688e+00
-1.664010429382324219e+01	-1.640595626831054688e+01
9.953739166259765625e+00	8.170723915100097656e+00
1.511448764801025391e+01	4.496605682373046875e+01
2.703802347183227539e+00	-1.936231994628906250e+01
-6.631052970886230469e+00	3.357667541503906250e+01
1.384500312805175781e+01	4.272087097167968750e+00
8.421854972839355469e+00	3.539186000823974609e+00
9.266294836997985840e-01	-4.325555038452148438e+01
1.915843009948730469e+01	3.544894409179687500e+01
-3.170304059982299805e+00	-1.694243812561035156e+01
2.960025215148925781e+01	-1.485717868804931641e+01
-1.125232982635498047e+01	-5.193799209594726562e+01
1.338822650909423828e+01	-7.950331211090087891e+00
1.068891429901123047e+01	-4.018599700927734375e+01
1.046116638183593750e+01	1.641508293151855469e+01
6.781662940979003906e+00	1.254225730895996094e+01
-2.005323600769042969e+01	1.534893798828125000e+01
-2.253371810913085938e+01	-4.978536224365234375e+01
-9.466594696044921875e+00	4.327156829833984375e+01
5.184996128082275391e+00	-3.912610411643981934e-01
2.106381797790527344e+01	-3.367922210693359375e+01
5.484656810760498047e+00	2.234882926940917969e+01
5.199491977691650391e+00	2.501714134216308594e+01
2.791789627075195312e+01	-1.926342248916625977e+00
-1.304724121093750000e+01	-5.747487258911132812e+01
3.718214416503906250e+01	1.827033233642578125e+01
-4.940388679504394531e+00	-3.557956314086914062e+01
1.943513298034667969e+01	4.978499984741210938e+01
-4.994815826416015625e+00	-5.548746490478515625e+01
2.636050415039062500e+01	5.214398574829101562e+01
6.897858619689941406e+00	-5.659287452697753906e+00
-1.325409412384033203e+01	-2.114188969135284424e-01
2.118552589416503906e+01	1.170603179931640625e+01
-9.218362569808959961e-01	6.694291591644287109e+00
-2.058072662353515625e+01	-5.636376571655273438e+01
3.370351028442382812e+01	4.832592773437500000e+01
-8.974500656127929688e+00	-6.636686706542968750e+01
3.238202285766601562e+01	5.238077163696289062e+01
1.164858245849609375e+01	3.481842422485351562e+01
2.723625946044921875e+01	1.851431083679199219e+01
2.719165229797363281e+01	3.800405502319335938e+01
-3.163674545288085938e+01	-3.963458633422851562e+01
9.956302642822265625e+00	-2.040049552917480469e+01
6.318867683410644531e+00	-2.261496543884277344e+01
9.298225402832031250e+00	3.888847732543945312e+01
-1.792843818664550781e+01	-3.376819229125976562e+01
-1.690529441833496094e+01	-7.019146728515625000e+01
-1.439219284057617188e+01	-7.455184936523437500e+01
-2.110286521911621094e+01	3.502140522003173828e+00
-2.125346565246582031e+01	-7.356500244140625000e+01
3.541749954223632812e+01	5.724478530883789062e+01
2.215123891830444336e+00	3.225340270996093750e+01
-1.774455070495605469e+01	-5.083406066894531250e+01
2.578783416748046875e+01	4.553588104248046875e+01
