2.617411231994628906e+01	-1.635261893272399902e+00
-1.096459045410156250e+02	-2.535800552368164062e+01
-4.960583496093750000e+01	-7.438180923461914062e+00
8.268798828125000000e+01	-9.172433471679687500e+01
1.766062164306640625e+02	-9.329246520996093750e+01
1.143931732177734375e+02	3.979989624023437500e+01
1.874447174072265625e+02	-1.077626342773437500e+02
-2.555740928649902344e+01	1.631255722045898438e+01
1.578235435485839844e+01	-1.943341636657714844e+01
-1.676835784912109375e+02	1.625346374511718750e+01
6.954154205322265625e+01	-5.548112487792968750e+01
-1.258297271728515625e+02	4.285250854492187500e+01
1.889333915710449219e+01	1.369522094726562500e+02
-1.285853767395019531e+01	6.695565795898437500e+01
-1.857136344909667969e+01	3.532095336914062500e+01
1.705811004638671875e+02	-7.272350311279296875e+01
2.986249923706054688e+01	1.032312469482421875e+02
-4.028672027587890625e+01	5.691349029541015625e+00
5.012781906127929688e+01	3.153855133056640625e+01
-9.475696563720703125e+01	-1.264656448364257812e+01
-6.219266891479492188e+00	2.195728302001953125e+01
-1.119030609130859375e+02	-1.122203826904296875e+02
-1.263998336791992188e+02	1.323280029296875000e+02
-1.291378631591796875e+02	-1.271725845336914062e+01
-1.787065429687500000e+02	4.805099105834960938e+01
9.317292022705078125e+01	-4.648802947998046875e+01
-2.678390502929687500e+01	-4.279630661010742188e+00
7.105482482910156250e+01	-6.549187660217285156e+00
-7.375312042236328125e+01	3.026211547851562500e+01
-1.021640167236328125e+02	1.852507591247558594e+01
-8.172383880615234375e+01	-6.031839752197265625e+01
-3.499847030639648438e+01	2.949351882934570312e+01
-8.037207031250000000e+01	-1.968520164489746094e+01
-5.753395462036132812e+01	9.534254455566406250e+01
-6.691596984863281250e+00	-1.457010078430175781e+01
-1.148743972778320312e+02	7.891125202178955078e+00
-2.130518674850463867e+00	1.093572540283203125e+02
8.717899322509765625e+00	3.431356430053710938e+01
1.073825531005859375e+02	-3.458380508422851562e+01
-1.211487655639648438e+02	-7.692997741699218750e+01
-1.981300234794616699e+00	4.946263885498046875e+01
-1.196364898681640625e+02	8.179513549804687500e+01
-1.549468841552734375e+02	-8.977222442626953125e+01
5.096372604370117188e+01	5.434996795654296875e+01
-4.983788299560546875e+01	1.696297454833984375e+01
1.523836364746093750e+02	-3.410869979858398438e+01
-1.049156341552734375e+02	-5.432241439819335938e+01
-1.217776489257812500e+02	-4.093568801879882812e+01
-1.635175781250000000e+02	-1.079905033111572266e+01
-1.093824157714843750e+02	1.058076019287109375e+02
-1.100755538940429688e+02	-7.263386726379394531e+00
-8.932273101806640625e+01	-8.661167907714843750e+01
5.480377960205078125e+01	-1.699512672424316406e+01
-7.576116943359375000e+01	8.977578163146972656e+00
-4.250333023071289062e+01	-4.167676544189453125e+01
-6.808489990234375000e+01	-9.765763282775878906e+00
-8.267234039306640625e+01	-2.770963907241821289e+00
1.519958343505859375e+02	-7.711241912841796875e+01
-1.492300109863281250e+02	3.499504852294921875e+01
-2.638949775695800781e+01	5.241841888427734375e+01
-1.782671356201171875e+02	8.154504394531250000e+01
-8.108225822448730469e+00	-4.015740203857421875e+01
-9.261148834228515625e+01	7.253277587890625000e+01
2.320389404296875000e+02	-1.266485443115234375e+02
-2.245643043518066406e+01	8.999885559082031250e+01
-9.185619354248046875e+01	-3.402045440673828125e+01
1.509878540039062500e+02	3.887239074707031250e+01
-5.700003051757812500e+01	-8.663830566406250000e+01
1.993861198425292969e+01	5.712545776367187500e+01
-1.478269653320312500e+02	9.994406127929687500e+01
2.619687271118164062e+01	-4.100770187377929688e+01
-1.405243072509765625e+02	5.840072154998779297e+00
3.668431472778320312e+01	7.590009307861328125e+01
7.771537017822265625e+01	-3.249612426757812500e+01
-5.705011367797851562e+01	-2.334733963012695312e+01
5.632692813873291016e+00	-6.017539596557617188e+01
2.977163505554199219e+01	3.413198852539062500e+01
3.384783172607421875e+01	1.616338348388671875e+01
3.189226989746093750e+02	2.571484985351562500e+02
1.301098327636718750e+02	-8.495512390136718750e+01
-1.249151687622070312e+02	2.215915489196777344e+01
1.850708923339843750e+02	-3.653509902954101562e+01
-1.771904144287109375e+02	-5.338794326782226562e+01
-6.041249847412109375e+01	-5.382360839843750000e+01
6.789515018463134766e+00	8.081208038330078125e+01
-1.447852630615234375e+02	6.497915649414062500e+01
-9.567369842529296875e+01	4.305041790008544922e+00
-2.538636779785156250e+01	-1.114230270385742188e+02
3.564437866210937500e+01	-1.899268150329589844e+01
-5.009233093261718750e+01	3.212271881103515625e+01
1.133943271636962891e+01	-9.230752563476562500e+01
-6.125197982788085938e+01	3.923400163650512695e+00
-8.661766815185546875e+01	1.751119232177734375e+01
9.185361480712890625e+01	6.681396484375000000e+01
1.340537548065185547e+01	1.634753036499023438e+01
-1.245134544372558594e+01	5.953423976898193359e+00
-8.320647430419921875e+01	1.003498840332031250e+02
-4.084357833862304688e+01	7.302365112304687500e+01
-5.928052139282226562e+01	5.663233184814453125e+01
-1.131985702514648438e+02	5.979975891113281250e+01
1.117336807250976562e+02	-1.413050079345703125e+01
-7.152935028076171875e+01	-3.672663116455078125e+01
6.600808715820312500e+01	8.439719390869140625e+01
-7.106195831298828125e+01	7.090426635742187500e+01
-1.065578842163085938e+02	3.497645187377929688e+01
-1.468413696289062500e+02	-3.028760528564453125e+01
4.704421997070312500e+01	1.632577180862426758e+00
9.430322265625000000e+01	-2.418049240112304688e+01
-2.092663192749023438e+01	1.487492065429687500e+02
-3.964432525634765625e+01	-6.527516937255859375e+01
-6.510122680664062500e+01	1.946718406677246094e+01
5.903344726562500000e+01	1.226353225708007812e+02
-3.502318191528320312e+01	-2.163759040832519531e+01
-2.793042945861816406e+01	-2.639799308776855469e+01
-1.447574920654296875e+02	-5.781986999511718750e+01
1.332687377929687500e+02	-4.517655563354492188e+01
-7.269506072998046875e+01	4.635535812377929688e+01
-7.235987854003906250e+01	1.340462493896484375e+02
6.643325042724609375e+01	1.676006126403808594e+01
8.657270812988281250e+01	1.912204742431640625e+01
1.130356216430664062e+02	1.130327796936035156e+01
1.165156250000000000e+02	-5.103379821777343750e+01
-4.647793960571289062e+01	4.706713867187500000e+01
-1.999372711181640625e+02	1.720806312561035156e+01
-9.120298004150390625e+01	5.110342788696289062e+01
-8.973408508300781250e+01	3.245996856689453125e+01
9.412220764160156250e+01	-4.536799907684326172e+00
9.560439300537109375e+01	-6.889578247070312500e+01
1.118853149414062500e+02	-7.132064819335937500e+01
1.701331634521484375e+02	-1.179982948303222656e+01
1.328969726562500000e+02	-6.561145019531250000e+01
5.334913730621337891e+00	5.816326737403869629e-01
-6.613382720947265625e+01	-1.197880935668945312e+02
7.722398376464843750e+01	4.108555221557617188e+01
4.488988113403320312e+01	-6.577368164062500000e+01
5.014843750000000000e+01	-8.405140686035156250e+01
-1.826303863525390625e+01	-7.758656311035156250e+01
1.375464782714843750e+02	1.354428291320800781e+01
1.808585052490234375e+02	3.434957885742187500e+02
5.111985015869140625e+01	-3.820558166503906250e+01
1.514840850830078125e+02	-9.688851165771484375e+01
1.596574554443359375e+02	-1.119376449584960938e+02
-1.925668792724609375e+02	-2.137895965576171875e+01
1.353802642822265625e+02	-1.121699066162109375e+02
1.177798995971679688e+02	-1.060697402954101562e+02
-3.631384277343750000e+01	1.163595733642578125e+02
1.237355957031250000e+02	-2.725220108032226562e+01
1.356697692871093750e+02	-1.540841865539550781e+01
