2.882579326629638672e+00	-1.238269567489624023e+00
-2.362389087677001953e+00	-3.014526128768920898e+00
-2.376609086990356445e+00	-3.026215314865112305e+00
-4.982955932617187500e+00	2.289558887481689453e+00
-5.032343387603759766e+00	2.353448390960693359e+00
-5.059453964233398438e+00	2.368638515472412109e+00
1.891287446022033691e+00	3.842326402664184570e-01
1.813185095787048340e+00	3.536250889301300049e-01
1.196299552917480469e+00	1.232251524925231934e+00
1.119219303131103516e+00	1.289178848266601562e+00
2.328318595886230469e+00	7.400519847869873047e-01
2.130078554153442383e+00	9.886125326156616211e-01
4.798823833465576172e+00	-7.535330653190612793e-01
4.524330615997314453e+00	-5.129493474960327148e-01
4.238371849060058594e+00	-3.248556852340698242e-01
-3.339906692504882812e+00	8.567130565643310547e-01
4.034877777099609375e+00	-4.057372808456420898e-01
3.863432168960571289e+00	-3.626223802566528320e-01
3.063107013702392578e+00	-2.197426319122314453e+00
2.722898244857788086e+00	-2.284820556640625000e+00
1.080156445503234863e+00	-3.007553815841674805e+00
1.727121114730834961e+00	-2.732138633728027344e+00
2.176253944635391235e-01	-3.444381952285766602e+00
1.148730069398880005e-01	-3.434218645095825195e+00
-5.350800752639770508e-01	-3.278500556945800781e+00
-5.532742738723754883e-01	-3.290570497512817383e+00
1.682094931602478027e+00	-1.955122590065002441e+00
1.543824315071105957e+00	-1.968760371208190918e+00
6.101510524749755859e+00	-1.894016861915588379e+00
2.242315053939819336e+00	-1.841598272323608398e+00
6.196178436279296875e+00	-1.900375485420227051e+00
6.184287548065185547e+00	-1.971083760261535645e+00
6.226025104522705078e+00	-1.587994933128356934e+00
5.713576793670654297e+00	-1.631390690803527832e+00
5.098183631896972656e+00	-1.480742692947387695e+00
4.756891250610351562e+00	-1.365355610847473145e+00
2.966450691223144531e+00	-4.291614890098571777e-01
2.959292650222778320e+00	-4.372274279594421387e-01
2.195953607559204102e+00	-3.536810636520385742e+00
2.199226856231689453e+00	-3.525731325149536133e+00
1.741634726524353027e+00	-1.000206112861633301e+00
1.690920472145080566e+00	-9.910705089569091797e-01
3.504437923431396484e+00	-3.028264760971069336e+00
3.527637481689453125e+00	-3.046359300613403320e+00
6.883255481719970703e+00	-1.673062086105346680e+00
6.919010162353515625e+00	-1.542701482772827148e+00
6.916001796722412109e+00	-1.374923467636108398e+00
6.661808013916015625e+00	-1.105460882186889648e+00
-3.641210556030273438e+00	-1.840898633003234863e+00
-3.680069446563720703e+00	-1.841346979141235352e+00
-2.732356786727905273e+00	-1.382668256759643555e+00
-2.787906408309936523e+00	-1.424988389015197754e+00
-2.789505481719970703e+00	-7.663789987564086914e-01
-2.782562255859375000e+00	-7.829444408416748047e-01
1.177249908447265625e+00	2.550836324691772461e+00
1.046161770820617676e+00	2.624641895294189453e+00
1.907865643501281738e+00	2.420982837677001953e+00
1.872750401496887207e+00	2.413085937500000000e+00
5.512297153472900391e-01	-1.788346886634826660e+00
3.711145520210266113e-01	-1.795753359794616699e+00
-1.018979430198669434e+00	-1.609853863716125488e+00
-1.332996010780334473e+00	-1.581583619117736816e+00
-8.598885536193847656e-01	-1.608871817588806152e+00
-9.599936008453369141e-01	-1.618857502937316895e+00
5.792511463165283203e+00	-1.417868286371231079e-01
5.843572139739990234e+00	-4.997029528021812439e-02
5.789966106414794922e+00	-2.029377222061157227e-01
5.274295806884765625e+00	1.419399082660675049e-01
6.045853614807128906e+00	-6.594287753105163574e-01
5.317449092864990234e+00	1.807663440704345703e-01
5.820050239562988281e+00	-9.711303114891052246e-01
5.453752040863037109e+00	-8.597889542579650879e-01
5.894959926605224609e+00	-1.132825374603271484e+00
5.274200439453125000e+00	-7.791800498962402344e-01
3.850003004074096680e+00	-1.219854831695556641e+00
3.402769804000854492e+00	-1.190506100654602051e+00
3.999611139297485352e+00	-1.330422520637512207e+00
3.733016490936279297e+00	-1.316076397895812988e+00
4.451266288757324219e+00	-3.565022945404052734e+00
4.417514801025390625e+00	-3.547155857086181641e+00
5.237603664398193359e+00	-2.747362852096557617e+00
5.421461582183837891e+00	-2.501502037048339844e+00
5.838926792144775391e+00	-2.476119756698608398e+00
5.222956180572509766e+00	-2.627913475036621094e+00
4.642779350280761719e+00	-2.204354286193847656e+00
4.619903087615966797e+00	-2.184585332870483398e+00
4.336712360382080078e+00	8.398682475090026855e-01
4.252616405487060547e+00	8.893905878067016602e-01
3.721448421478271484e+00	9.702030420303344727e-01
3.633474349975585938e+00	1.229676485061645508e+00
-4.361484527587890625e+00	2.887989282608032227e-01
-4.412528038024902344e+00	3.090730905532836914e-01
-2.254036664962768555e+00	3.192282199859619141e+00
-4.431614398956298828e+00	3.514490425586700439e-01
3.495640516281127930e+00	3.857206404209136963e-01
-2.222333908081054688e+00	3.219312667846679688e+00
3.952000379562377930e+00	-2.032448291778564453e+00
3.867247581481933594e+00	-2.029918432235717773e+00
-3.450935840606689453e+00	2.020934343338012695e+00
-3.530056715011596680e+00	2.020653247833251953e+00
5.074660778045654297e-01	-3.558807373046875000e-01
-2.535446405410766602e+00	6.568386554718017578e-01
8.068469166755676270e-01	-3.502671718597412109e-01
6.129972934722900391e-01	-3.092174828052520752e-01
4.420261383056640625e-01	-2.415378093719482422e-01
-1.504493691027164459e-02	-3.632888942956924438e-02
-4.973491430282592773e-01	7.874072194099426270e-01
-5.717751979827880859e-01	8.199652433395385742e-01
-1.953419327735900879e+00	1.722266435623168945e+00
-2.130491733551025391e+00	1.761183977127075195e+00
-9.368262887001037598e-01	1.931486368179321289e+00
-1.617642641067504883e+00	1.669605612754821777e+00
-4.841356575489044189e-01	1.799421787261962891e+00
-7.381918430328369141e-01	1.807046890258789062e+00
-1.214333534240722656e+00	8.530816435813903809e-01
-4.234240531921386719e+00	1.439216971397399902e+00
-5.969741344451904297e+00	1.218913912773132324e+00
-6.001277923583984375e+00	1.205703258514404297e+00
-1.526644468307495117e+00	-1.486021839082241058e-02
-1.574565768241882324e+00	-1.056811958551406860e-02
