3.990565538406372070e+00	8.181084632873535156e+00
5.283617973327636719e+00	8.920690536499023438e+00
6.405215263366699219e+00	1.003908729553222656e+01
6.021716117858886719e+00	9.278909683227539062e+00
5.709494590759277344e+00	1.199488735198974609e+01
5.120302200317382812e+00	1.187747955322265625e+01
4.148193836212158203e+00	1.126492214202880859e+01
-1.910610771179199219e+01	-1.110337162017822266e+01
-2.311157608032226562e+01	-1.984053802490234375e+01
-1.921518325805664062e+01	-1.120978832244873047e+01
-2.380958557128906250e+01	-2.127791786193847656e+01
-2.383822631835937500e+01	-2.072628021240234375e+01
-2.365190315246582031e+01	-2.265732192993164062e+01
1.480147361755371094e+01	1.945584118366241455e-01
1.541966724395751953e+01	2.443656772375106812e-01
1.525175094604492188e+01	1.191332221031188965e+00
6.223953723907470703e+00	-4.860436439514160156e+00
7.023251533508300781e+00	-4.623547077178955078e+00
7.255335330963134766e+00	-5.336959838867187500e+00
6.765062808990478516e+00	-7.689497470855712891e+00
6.381472110748291016e+00	-9.450928688049316406e+00
6.591304302215576172e+00	-8.072757720947265625e+00
8.596882820129394531e+00	-1.087378215789794922e+01
8.727992057800292969e+00	-1.042586994171142578e+01
1.070332145690917969e+01	-8.864987373352050781e+00
1.232120800018310547e+01	-1.091380023956298828e+01
1.240653228759765625e+01	-8.904239654541015625e+00
1.242481708526611328e+01	-6.136087894439697266e+00
7.885334491729736328e+00	1.514138698577880859e+01
8.493721008300781250e+00	1.553523063659667969e+01
7.281791210174560547e+00	1.455441474914550781e+01
-2.465109825134277344e+01	-1.411676502227783203e+01
-2.444024658203125000e+01	-1.344982910156250000e+01
-2.372204208374023438e+01	-1.399334144592285156e+01
8.946148872375488281e+00	1.225345993041992188e+01
9.296638488769531250e+00	1.274407100677490234e+01
1.448068237304687500e+01	1.818522071838378906e+01
1.010656452178955078e+01	1.380351924896240234e+01
1.510284423828125000e+01	1.900719261169433594e+01
1.380972290039062500e+01	1.895327758789062500e+01
5.097230434417724609e+00	2.274286299943923950e-01
4.741405487060546875e+00	-1.752026975154876709e-01
3.829977035522460938e+00	-1.191420435905456543e+00
2.461239814758300781e+00	-2.217236757278442383e+00
6.936789751052856445e-01	-3.748068094253540039e+00
1.305301070213317871e+00	-3.634837865829467773e+00
-1.700007081031799316e+00	-2.649040460586547852e+00
-2.104775667190551758e+00	-2.439163446426391602e+00
-1.165791034698486328e+00	9.834582209587097168e-01
-1.759867072105407715e+00	-6.254119873046875000e-01
-9.619464278221130371e-01	1.143056154251098633e+00
2.419743239879608154e-01	-5.518523976206779480e-03
1.801364660263061523e+00	2.328044414520263672e+00
1.513643503189086914e+00	1.808311223983764648e+00
2.347188472747802734e+00	2.975949764251708984e+00
1.223628997802734375e+01	1.785399627685546875e+01
1.283487510681152344e+01	1.656326866149902344e+01
1.165890502929687500e+01	1.608211708068847656e+01
1.358778667449951172e+01	1.620609855651855469e+01
1.288555335998535156e+01	1.518122291564941406e+01
1.176576232910156250e+01	1.135630035400390625e+01
1.206772899627685547e+01	1.207185649871826172e+01
1.281245613098144531e+01	1.156675434112548828e+01
1.290561199188232422e+01	8.994187355041503906e+00
1.377035999298095703e+01	9.844643592834472656e+00
1.352102088928222656e+01	8.719904899597167969e+00
6.829810142517089844e+00	4.939018249511718750e+00
6.505729675292968750e+00	5.443882942199707031e+00
9.360681533813476562e+00	8.544118881225585938e+00
5.884108066558837891e+00	4.494123935699462891e+00
9.763017654418945312e+00	7.831225872039794922e+00
1.012438106536865234e+01	8.995472908020019531e+00
-4.444464206695556641e+00	4.115210056304931641e+00
9.062271118164062500e+00	6.808592319488525391e+00
-4.942724704742431641e+00	4.257678031921386719e+00
-7.907731056213378906e+00	4.800031661987304688e+00
-7.563858985900878906e+00	3.738175868988037109e+00
-7.350430488586425781e+00	4.656128883361816406e+00
-1.877848625183105469e+01	1.638021469116210938e+00
-1.909712409973144531e+01	1.617559790611267090e+00
-7.179522037506103516e+00	3.979501128196716309e-01
-6.250627994537353516e+00	1.331374406814575195e+00
-8.150209426879882812e+00	-6.143874675035476685e-02
-6.978539943695068359e+00	-7.309196144342422485e-02
-1.177156543731689453e+01	2.333147048950195312e+00
-1.503441905975341797e+01	1.842930436134338379e+00
-1.111816787719726562e+01	2.327312231063842773e+00
-1.134961414337158203e+01	1.466253042221069336e+00
-1.464071941375732422e+01	-2.721438109874725342e-01
-1.486374759674072266e+01	-9.437289834022521973e-01
-1.264333534240722656e+01	-1.154381394386291504e+00
-1.386434459686279297e+01	-9.652253985404968262e-01
-1.480302453041076660e+00	1.761213493347167969e+01
-1.485092639923095703e+00	1.705169486999511719e+01
-3.394490778446197510e-01	1.777571487426757812e+01
7.704983353614807129e-01	1.973147010803222656e+01
-3.184006810188293457e-01	2.062554359436035156e+01
8.832783102989196777e-01	2.018712234497070312e+01
1.417886734008789062e+01	2.061418724060058594e+01
1.520800590515136719e+01	2.110688018798828125e+01
1.409009265899658203e+01	2.183789062500000000e+01
1.151252365112304688e+01	2.116934967041015625e+01
1.260662364959716797e+01	2.070601463317871094e+01
1.231005477905273438e+01	2.192217445373535156e+01
-1.543680572509765625e+01	-1.008041191101074219e+01
1.186528205871582031e+01	1.955648612976074219e+01
-1.385433006286621094e+01	-9.835471153259277344e+00
-1.391383171081542969e+01	-9.650745391845703125e+00
-1.216824150085449219e+01	-7.107642650604248047e+00
-1.195665645599365234e+01	-7.388089656829833984e+00
-1.442946243286132812e+01	-5.868244171142578125e+00
-1.437667465209960938e+01	-6.117787361145019531e+00
-1.809025573730468750e+01	-5.790140151977539062e+00
-1.777590751647949219e+01	-7.102655410766601562e+00
-2.005315399169921875e+01	-4.626065731048583984e+00
-1.948186683654785156e+01	-4.743901729583740234e+00
-2.264796447753906250e+01	-6.597273349761962891e+00
-2.198785972595214844e+01	-6.364091396331787109e+00
-2.275004959106445312e+01	-5.716128349304199219e+00
-2.368498229980468750e+01	-4.770116329193115234e+00
-4.123490750789642334e-01	-7.596023082733154297e+00
-9.379172325134277344e-01	-8.109013557434082031e+00
1.384005188941955566e+00	-8.512283325195312500e+00
2.097855567932128906e+00	-8.349236488342285156e+00
1.760655403137207031e+00	-1.101788043975830078e+01
1.649546742439270020e+00	-9.343881607055664062e+00
2.792912721633911133e+00	-1.392729091644287109e+01
2.276718616485595703e+00	-1.267170429229736328e+01
-1.677961826324462891e+00	-1.209366607666015625e+01
-1.258130550384521484e+00	-1.157644939422607422e+01
-8.905143141746520996e-01	-1.244293117523193359e+01
-1.041570901870727539e+00	-1.743864822387695312e+01
-1.029074564576148987e-01	-1.678077125549316406e+01
-9.066814780235290527e-01	-1.673472213745117188e+01
1.746712565422058105e+00	-1.801486968994140625e+01
2.324106454849243164e+00	-1.782151603698730469e+01
1.521075248718261719e+01	1.281409358978271484e+01
1.505179882049560547e+01	1.315201759338378906e+01
1.610874366760253906e+01	1.499628734588623047e+01
1.599938106536865234e+01	1.599170875549316406e+01
1.730102920532226562e+01	1.730104255676269531e+01
1.791860580444335938e+01	1.670998191833496094e+01
1.892259788513183594e+01	1.688025665283203125e+01
1.822113418579101562e+01	1.471547508239746094e+01
1.925876426696777344e+01	1.434985160827636719e+01
1.854556274414062500e+01	1.363811111450195312e+01
1.839578628540039062e+01	1.147065448760986328e+01
1.760945701599121094e+01	1.180640983581542969e+01
1.766915702819824219e+01	1.069901752471923828e+01
1.782052421569824219e+01	5.275550365447998047e+00
1.768266105651855469e+01	5.860901355743408203e+00
1.771130180358886719e+01	6.923265933990478516e+00
1.979464340209960938e+01	8.206814765930175781e+00
1.988393592834472656e+01	7.802978992462158203e+00
-1.329139900207519531e+01	6.763570785522460938e+00
-1.203691864013671875e+01	7.102878093719482422e+00
-1.507420921325683594e+01	5.871387481689453125e+00
-1.359304523468017578e+01	6.774152278900146484e+00
-9.636679649353027344e+00	-3.173178672790527344e+00
-9.982295989990234375e+00	-3.406089544296264648e+00
8.779886960983276367e-01	1.250376796722412109e+01
-7.667922973632812500e-01	1.174714374542236328e+01
7.738991975784301758e-01	1.351651000976562500e+01
1.389143943786621094e+00	1.285615062713623047e+01
2.408309459686279297e+00	1.530848598480224609e+01
2.818818569183349609e+00	1.548791027069091797e+01
5.430785655975341797e+00	1.711736488342285156e+01
4.751820087432861328e+00	1.647045135498046875e+01
-1.142153549194335938e+01	1.227042293548583984e+01
4.678180217742919922e+00	1.830059814453125000e+01
-1.164172840118408203e+01	1.188933944702148438e+01
-1.024843406677246094e+01	1.162925815582275391e+01
5.248343944549560547e+00	2.167151451110839844e+01
4.751785755157470703e+00	2.110954856872558594e+01
5.724738121032714844e+00	2.085831260681152344e+01
8.011447906494140625e+00	1.924373435974121094e+01
9.107429504394531250e+00	1.933807945251464844e+01
8.342868804931640625e+00	2.002904129028320312e+01
-6.229403495788574219e+00	1.292494010925292969e+01
-5.646727561950683594e+00	1.305380058288574219e+01
-4.746414184570312500e+00	1.268472385406494141e+01
-4.136667728424072266e+00	1.011786937713623047e+01
-4.384256362915039062e+00	9.931044578552246094e+00
-5.986988544464111328e+00	9.296271324157714844e+00
-7.772005200386047363e-01	7.673350811004638672e+00
-2.091064691543579102e+00	8.350831985473632812e+00
-5.276089906692504883e-01	7.343274116516113281e+00
-1.093547224998474121e+00	6.431920051574707031e+00
-1.417449283599853516e+01	-2.393192481994628906e+01
-1.477446651458740234e+01	-2.416227149963378906e+01
-1.011421775817871094e+01	-2.468486595153808594e+01
-1.544718933105468750e+01	-2.373575210571289062e+01
-9.886771202087402344e+00	-2.476560783386230469e+01
8.667360305786132812e+00	1.114598631858825684e+00
1.015381050109863281e+01	-8.087684214115142822e-02
9.622220039367675781e+00	-1.938090920448303223e-01
1.044863891601562500e+01	1.150781154632568359e+00
1.060963821411132812e+01	3.305405139923095703e+00
1.123204994201660156e+01	4.088781356811523438e+00
1.131691551208496094e+01	3.195967912673950195e+00
1.329223346710205078e+01	4.850769996643066406e+00
1.359023284912109375e+01	4.872201919555664062e+00
-2.005308532714843750e+01	-1.646893310546875000e+01
-2.014804267883300781e+01	-1.695158195495605469e+01
-1.896615409851074219e+01	-1.928851318359375000e+01
-1.865025520324707031e+01	-1.828236198425292969e+01
-1.924955558776855469e+01	-2.012789154052734375e+01
-1.695060539245605469e+01	-1.563335323333740234e+01
-5.628629684448242188e+00	-4.683350086212158203e+00
-1.682579231262207031e+01	-1.540332317352294922e+01
-5.139533042907714844e+00	-5.897328853607177734e+00
-4.537346839904785156e+00	-5.864480972290039062e+00
-6.376370429992675781e+00	-7.647515296936035156e+00
-5.385794162750244141e+00	-6.778153896331787109e+00
-1.456377887725830078e+01	-1.915120506286621094e+01
-1.398001194000244141e+01	-1.869043731689453125e+01
-1.338488578796386719e+01	-1.821395111083984375e+01
-9.728890419006347656e+00	-1.613790321350097656e+01
-9.506731033325195312e+00	-1.522163963317871094e+01
-9.061191558837890625e+00	-1.592005729675292969e+01
-1.268892288208007812e+01	-1.424411582946777344e+01
-1.204913806915283203e+01	-1.382376670837402344e+01
-8.976608276367187500e+00	-1.195089721679687500e+01
-1.121017360687255859e+01	-1.330778980255126953e+01
-7.623560428619384766e+00	-1.111811637878417969e+01
-7.987820625305175781e+00	-1.170040607452392578e+01
-2.401461982727050781e+01	-2.840806388854980469e+01
-6.549253940582275391e+00	-1.223618602752685547e+01
-2.393963050842285156e+01	-2.924913215637207031e+01
-5.560478687286376953e+00	-1.506344509124755859e+01
-4.983490943908691406e+00	-1.541698265075683594e+01
-5.561540126800537109e+00	-1.604114341735839844e+01
-2.071148681640625000e+01	-2.441407203674316406e+01
-2.113632583618164062e+01	-2.468037414550781250e+01
-9.705829620361328125e+00	-2.033109474182128906e+01
-6.568173408508300781e+00	-1.972622108459472656e+01
-6.891942977905273438e+00	-2.059971618652343750e+01
-6.043694019317626953e+00	-2.013496017456054688e+01
1.034406280517578125e+01	1.735540771484375000e+01
2.285035133361816406e+00	5.767911434173583984e+00
