-2.732877922058105469e+01	1.186596679687500000e+01
1.609826278686523438e+01	-2.530289459228515625e+01
9.697812080383300781e+00	-8.087856292724609375e+00
-4.695134353637695312e+01	7.521566867828369141e+00
-5.610340881347656250e+01	1.882593345642089844e+01
-2.722183227539062500e+00	3.962882995605468750e+00
-6.288261032104492188e+01	2.193868255615234375e+01
-1.274918460845947266e+01	-7.392831802368164062e+00
-2.453764438629150391e+00	3.822432327270507812e+01
1.624127197265625000e+01	-4.721753311157226562e+01
-2.687945175170898438e+01	-4.374262809753417969e+00
9.085219383239746094e+00	-1.425304412841796875e+00
-1.728500366210937500e+01	-5.107342004776000977e-01
-3.755105137825012207e-01	-7.197493553161621094e+00
2.170046567916870117e+00	-3.625958204269409180e+00
-5.289117813110351562e+01	1.460424137115478516e+01
7.655074119567871094e+00	1.611133384704589844e+01
-4.694986641407012939e-01	-4.401044464111328125e+01
-3.341786575317382812e+01	7.883372306823730469e-01
2.698943901062011719e+01	-1.739486694335937500e+01
-3.763263225555419922e-01	-2.526906394958496094e+01
4.324377059936523438e+01	-3.381970977783203125e+01
3.486048889160156250e+01	-1.781498527526855469e+01
2.429776000976562500e+01	-8.047408103942871094e+00
2.289747476577758789e+00	-3.344491958618164062e+01
-2.453922462463378906e+01	1.856529235839843750e+01
3.030591201782226562e+01	3.155480575561523438e+01
-3.946978378295898438e+01	3.385954666137695312e+01
1.173401260375976562e+01	-1.566747379302978516e+01
1.730349922180175781e+01	-8.729500770568847656e+00
8.706599235534667969e+00	9.715640068054199219e+00
1.145928955078125000e+01	4.543059349060058594e+00
2.061001586914062500e+01	-6.476029396057128906e+00
7.034856319427490234e+00	3.284103775024414062e+01
-1.178202915191650391e+01	5.189671039581298828e+00
-3.214934921264648438e+01	2.638989562988281250e+02
-3.844647216796875000e+01	-6.882452011108398438e+00
-3.251997375488281250e+01	-1.050042057037353516e+01
-3.253148269653320312e+01	1.140417194366455078e+01
9.863084793090820312e+00	-5.221803188323974609e+00
-6.495024204254150391e+00	-1.182994937896728516e+01
1.313819122314453125e+01	-1.031688880920410156e+01
4.424902725219726562e+01	9.709616661071777344e+00
-3.648230075836181641e+00	-1.838696098327636719e+01
1.404326343536376953e+01	-6.134678840637207031e+00
-4.098309707641601562e+01	1.216564846038818359e+01
2.524085617065429688e+01	8.701641082763671875e+00
1.749222946166992188e+01	-4.306900024414062500e+00
1.559612083435058594e+01	1.017607116699218750e+01
3.522243881225585938e+01	-4.124582290649414062e+00
1.718329429626464844e+01	-1.286920166015625000e+01
4.733504104614257812e+01	1.997762298583984375e+01
-1.563192844390869141e+01	1.912939834594726562e+01
2.097830200195312500e+01	-1.467638492584228516e+01
-1.186897182464599609e+01	2.871038246154785156e+01
3.092894172668457031e+01	-1.217734718322753906e+01
2.082206916809082031e+01	-1.048752403259277344e+01
-6.093584060668945312e+01	1.757380485534667969e+01
2.369098663330078125e+01	-2.852962303161621094e+01
5.232223033905029297e+00	-7.817402839660644531e+00
2.381515884399414062e+01	2.325836181640625000e+01
2.594813108444213867e+00	1.132974147796630859e+01
4.407983779907226562e+01	-1.572061252593994141e+01
1.247339630126953125e+02	2.353670501708984375e+02
2.431737333536148071e-01	-1.291885662078857422e+01
3.911040496826171875e+01	-2.458835029602050781e+01
-3.386777114868164062e+01	-2.053356170654296875e+01
-1.473396682739257812e+01	-2.968542289733886719e+01
3.626172256469726562e+01	2.277287673950195312e+01
3.223118591308593750e+01	-4.405815124511718750e+01
-7.440483570098876953e+00	1.962834930419921875e+01
1.655891609191894531e+01	-3.288891983032226562e+01
-9.919046401977539062e+00	-2.196009635925292969e+01
-3.631976699829101562e+01	1.902284431457519531e+01
2.371939849853515625e+01	-3.806887435913085938e+01
-1.766698265075683594e+01	-3.995006942749023438e+01
-4.893143177032470703e+00	6.272383213043212891e+00
-3.930584907531738281e+00	1.237607002258300781e+01
2.871041679382324219e+01	1.615282440185546875e+01
-3.635185623168945312e+01	7.822681427001953125e+00
3.980786132812500000e+01	1.746501803398132324e+00
-3.099742317199707031e+01	1.640781021118164062e+01
2.943191909790039062e+01	-6.351863861083984375e+00
1.444105529785156250e+01	-1.283764243125915527e+00
-1.338329982757568359e+01	-1.449088859558105469e+01
3.992223024368286133e+00	-1.918086433410644531e+01
1.978813934326171875e+01	-9.479694366455078125e-01
-2.572806930541992188e+01	-2.967884635925292969e+01
-2.035820579528808594e+01	1.301358127593994141e+01
5.537450408935546875e+01	-8.236546516418457031e+00
-2.411980438232421875e+01	2.044775724411010742e+00
2.405371093750000000e+01	2.762761831283569336e+00
2.489003562927246094e+01	-1.220734977722167969e+01
-2.991002655029296875e+01	3.185774993896484375e+01
-1.013910388946533203e+01	-1.046128511428833008e+00
9.698673248291015625e+00	-3.887261962890625000e+01
-1.512670278549194336e+00	-4.711513817310333252e-01
-1.849270820617675781e+00	2.700072669982910156e+01
2.370043182373046875e+01	-3.411481857299804688e+00
2.099918556213378906e+01	1.441191196441650391e+01
-3.058035850524902344e+01	2.350748825073242188e+01
5.057586288452148438e+01	-2.259031105041503906e+01
-2.460595130920410156e+01	-1.605698204040527344e+01
-1.918930816650390625e+01	-2.070329093933105469e+01
3.791370391845703125e+01	-1.073754978179931641e+01
3.599975204467773438e+01	1.282635498046875000e+01
-2.199272346496582031e+01	2.607323646545410156e+01
-3.599944305419921875e+01	1.352440261840820312e+01
-6.614037036895751953e+00	-3.251281356811523438e+01
2.224157905578613281e+01	-2.105811500549316406e+01
2.945158195495605469e+01	-1.683285385370254517e-01
-2.036601066589355469e+01	-7.742710590362548828e+00
1.787031364440917969e+01	4.411404132843017578e+00
8.625487327575683594e+00	-2.841230010986328125e+01
1.609970855712890625e+01	2.672776412963867188e+01
-5.563314056396484375e+01	7.268983364105224609e+00
3.234839630126953125e+01	-3.214018249511718750e+01
6.825100898742675781e+00	2.373492813110351562e+01
-5.782613754272460938e+00	-5.464416027069091797e+00
6.685011386871337891e+00	-1.749689429998397827e-01
-4.108078765869140625e+01	2.667899608612060547e+00
-4.244918060302734375e+01	1.891958045959472656e+01
3.259982681274414062e+01	5.632655620574951172e+00
9.683522224426269531e+00	-2.158586120605468750e+01
5.170778274536132812e+01	3.105537176132202148e+00
4.486353302001953125e+01	-5.642371654510498047e+00
-2.976331901550292969e+01	6.251475811004638672e+00
-1.835289382934570312e+01	6.742897510528564453e+00
-2.336575889587402344e+01	7.275080680847167969e+00
-3.920426940917968750e+01	2.551979827880859375e+01
-4.687324523925781250e+01	1.517325210571289062e+01
1.456593132019042969e+01	1.809784698486328125e+01
1.680593299865722656e+01	3.779257965087890625e+01
6.710262596607208252e-02	1.829406166076660156e+01
-4.276509761810302734e+00	1.741039752960205078e+00
-2.092060089111328125e+01	3.600055313110351562e+01
4.844233036041259766e+00	4.923219680786132812e+00
-1.329617798328399658e-01	5.177668571472167969e+00
1.661670303344726562e+01	-1.888642120361328125e+01
-4.387627792358398438e+01	-1.872662544250488281e+01
-5.056474685668945312e+01	1.969264411926269531e+01
-5.359605407714843750e+01	2.470920753479003906e+01
2.993727111816406250e+01	-2.381878852844238281e+01
-1.115537261962890625e+01	1.194285011291503906e+01
-4.909326553344726562e+01	3.107432365417480469e+01
6.151416301727294922e+00	-1.328485393524169922e+01
-4.849905395507812500e+01	-5.171435832977294922e+00
-4.664181137084960938e+01	2.325009727478027344e+01
